time/fps,time/process,time/physics_process,time/navigation_process,memory/static,memory/static_max,memory/msg_buf_max,object/objects,object/resources,object/nodes,object/orphan_nodes,raster/total_objects_drawn,raster/total_primitives_drawn,raster/total_draw_calls,video/video_mem,video/texture_mem,video/buffer_mem,physics_2d/active_objects,physics_2d/collision_pairs,physics_2d/islands,physics_3d/active_objects,physics_3d/collision_pairs,physics_3d/islands,audio/driver/output_latency,navigation/active_maps,navigation/regions,navigation/agents,navigation/links,navigation/polygons,navigation/edges,navigation/edges_merged,navigation/edges_connected,navigation/edges_free,navigation/obstacles,pipeline/compilations_canvas,pipeline/compilations_mesh,pipeline/compilations_surface,pipeline/compilations_draw,pipeline/compilations_specialization,navigation_2d/active_maps,navigation_2d/regions,navigation_2d/agents,navigation_2d/links,navigation_2d/polygons,navigation_2d/edges,navigation_2d/edges_merged,navigation_2d/edges_connected,navigation_2d/edges_free,navigation_2d/obstacles,navigation_3d/active_maps,navigation_3d/regions,navigation_3d/agents,navigation_3d/links,navigation_3d/polygons,navigation_3d/edges,navigation_3d/edges_merged,navigation_3d/edges_connected,navigation_3d/edges_free,navigation_3d/obstacles
1.0,0.0,0.0,0.0,67318112.0,67318456.0,8192.0,1676.0,16.0,60.0,0.0,26.0,60.0,6.0,60424192.0,11886592.0,3884124.0,0.0,0.0,0.0,0.0,0.0,0.0,0.01,0.0,0.0,0.0,0.0,0.0,0.0,0.0,0.0,0.0,0.0,2.0,0.0,0.0,0.0,0.0,0.0,0.0,0.0,0.0,0.0,0.0,0.0,0.0,0.0,0.0,0.0,0.0,0.0,0.0,0.0,0.0,0.0,0.0,0.0,0.0
25.0,0.017519,0.003419,0.000003,70752056.0,94756840.0,12288.0,2110.0,146.0,286.0,0.0,2316.0,4796.0,10.0,210501632.0,94539776.0,23751284.0,0.0,0.0,0.0,0.0,0.0,0.0,0.01,0.0,0.0,0.0,0.0,0.0,0.0,0.0,0.0,0.0,0.0,2.0,0.0,0.0,0.0,0.0,0.0,0.0,0.0,0.0,0.0,0.0,0.0,0.0,0.0,0.0,0.0,0.0,0.0,0.0,0.0,0.0,0.0,0.0,0.0,0.0
62.0,0.016636,0.000451,0.000003,73028440.0,94756840.0,12288.0,2261.0,146.0,431.0,0.0,2328.0,4832.0,12.0,210501632.0,94539776.0,23753476.0,1.0,164.0,41.0,0.0,0.0,0.0,0.01,0.0,0.0,0.0,0.0,0.0,0.0,0.0,0.0,0.0,0.0,3.0,0.0,0.0,0.0,0.0,0.0,0.0,0.0,0.0,0.0,0.0,0.0,0.0,0.0,0.0,0.0,0.0,0.0,0.0,0.0,0.0,0.0,0.0,0.0,0.0
60.0,0.019289,0.00062,0.000005,73424392.0,94756840.0,12288.0,2349.0,146.0,507.0,0.0,2364.0,4910.0,31.0,210501632.0,94539776.0,23753616.0,12.0,215.0,92.0,0.0,0.0,0.0,0.01,0.0,0.0,0.0,0.0,0.0,0.0,0.0,0.0,0.0,0.0,3.0,0.0,0.0,0.0,0.0,0.0,0.0,0.0,0.0,0.0,0.0,0.0,0.0,0.0,0.0,0.0,0.0,0.0,0.0,0.0,0.0,0.0,0.0,0.0,0.0
60.0,0.028721,0.001103,0.000004,75189728.0,94756840.0,12288.0,2608.0,146.0,698.0,0.0,2437.0,5160.0,41.0,210501632.0,94539776.0,23769920.0,22.0,270.0,147.0,0.0,0.0,0.0,0.01,0.0,0.0,0.0,0.0,0.0,0.0,0.0,0.0,0.0,0.0,4.0,0.0,0.0,0.0,0.0,0.0,0.0,0.0,0.0,0.0,0.0,0.0,0.0,0.0,0.0,0.0,0.0,0.0,0.0,0.0,0.0,0.0,0.0,0.0,0.0
60.0,0.01923,0.002687,0.000003,75953368.0,94756840.0,12288.0,2751.0,146.0,782.0,0.0,2504.0,5289.0,61.0,210501632.0,94670848.0,23769528.0,31.0,269.0,146.0,0.0,0.0,0.0,0.01,0.0,0.0,0.0,0.0,0.0,0.0,0.0,0.0,0.0,0.0,4.0,0.0,0.0,0.0,0.0,0.0,0.0,0.0,0.0,0.0,0.0,0.0,0.0,0.0,0.0,0.0,0.0,0.0,0.0,0.0,0.0,0.0,0.0,0.0,0.0
60.0,0.019216,0.00137,0.000003,76322160.0,94756840.0,12288.0,2808.0,146.0,822.0,0.0,2533.0,5447.0,73.0,210501632.0,94670848.0,23785124.0,30.0,280.0,157.0,0.0,0.0,0.0,0.01,0.0,0.0,0.0,0.0,0.0,0.0,0.0,0.0,0.0,0.0,4.0,0.0,0.0,0.0,0.0,0.0,0.0,0.0,0.0,0.0,0.0,0.0,0.0,0.0,0.0,0.0,0.0,0.0,0.0,0.0,0.0,0.0,0.0,0.0,0.0
60.0,0.029237,0.001545,0.000003,76612632.0,94756840.0,12288.0,2877.0,146.0,911.0,0.0,2525.0,5447.0,81.0,210501632.0,94670848.0,23786368.0,38.0,313.0,190.0,0.0,0.0,0.0,0.01,0.0,0.0,0.0,0.0,0.0,0.0,0.0,0.0,0.0,0.0,4.0,0.0,0.0,0.0,0.0,0.0,0.0,0.0,0.0,0.0,0.0,0.0,0.0,0.0,0.0,0.0,0.0,0.0,0.0,0.0,0.0,0.0,0.0,0.0,0.0
60.0,0.019695,0.002441,0.000006,77253472.0,94756840.0,12288.0,3016.0,146.0,976.0,0.0,2594.0,5605.0,98.0,210501632.0,94670848.0,23788576.0,47.0,300.0,176.0,0.0,0.0,0.0,0.01,0.0,0.0,0.0,0.0,0.0,0.0,0.0,0.0,0.0,0.0,4.0,0.0,0.0,0.0,0.0,0.0,0.0,0.0,0.0,0.0,0.0,0.0,0.0,0.0,0.0,0.0,0.0,0.0,0.0,0.0,0.0,0.0,0.0,0.0,0.0
60.0,0.01882,0.001731,0.000003,77468128.0,94756840.0,12288.0,3044.0,146.0,964.0,0.0,2653.0,5838.0,111.0,210501632.0,94670848.0,23805700.0,45.0,286.0,161.0,0.0,0.0,0.0,0.01,0.0,0.0,0.0,0.0,0.0,0.0,0.0,0.0,0.0,0.0,4.0,0.0,0.0,0.0,0.0,0.0,0.0,0.0,0.0,0.0,0.0,0.0,0.0,0.0,0.0,0.0,0.0,0.0,0.0,0.0,0.0,0.0,0.0,0.0,0.0
60.0,0.016836,0.002903,0.000003,77681608.0,94756840.0,12288.0,3120.0,146.0,1039.0,0.0,2638.0,5746.0,110.0,210501632.0,94670848.0,23793184.0,54.0,306.0,181.0,0.0,0.0,0.0,0.01,0.0,0.0,0.0,0.0,0.0,0.0,0.0,0.0,0.0,0.0,4.0,0.0,0.0,0.0,0.0,0.0,0.0,0.0,0.0,0.0,0.0,0.0,0.0,0.0,0.0,0.0,0.0,0.0,0.0,0.0,0.0,0.0,0.0,0.0,0.0
60.0,0.016272,0.002294,0.000003,78229888.0,94756840.0,12288.0,3245.0,146.0,1080.0,0.0,2747.0,6050.0,134.0,210501632.0,94670848.0,23808756.0,61.0,290.0,159.0,0.0,0.0,0.0,0.01,0.0,0.0,0.0,0.0,0.0,0.0,0.0,0.0,0.0,0.0,4.0,0.0,0.0,0.0,0.0,0.0,0.0,0.0,0.0,0.0,0.0,0.0,0.0,0.0,0.0,0.0,0.0,0.0,0.0,0.0,0.0,0.0,0.0,0.0,0.0
60.0,0.016113,0.002504,0.000003,78226480.0,94756840.0,12288.0,3225.0,146.0,1064.0,0.0,2759.0,6167.0,139.0,210501632.0,94670848.0,23823784.0,58.0,287.0,161.0,0.0,0.0,0.0,0.01,0.0,0.0,0.0,0.0,0.0,0.0,0.0,0.0,0.0,0.0,4.0,0.0,0.0,0.0,0.0,0.0,0.0,0.0,0.0,0.0,0.0,0.0,0.0,0.0,0.0,0.0,0.0,0.0,0.0,0.0,0.0,0.0,0.0,0.0,0.0
60.0,0.015975,0.003117,0.000003,78499120.0,94756840.0,12288.0,3299.0,146.0,1104.0,0.0,2762.0,6174.0,141.0,210501632.0,94670848.0,23824192.0,64.0,285.0,154.0,0.0,0.0,0.0,0.01,0.0,0.0,0.0,0.0,0.0,0.0,0.0,0.0,0.0,0.0,4.0,0.0,0.0,0.0,0.0,0.0,0.0,0.0,0.0,0.0,0.0,0.0,0.0,0.0,0.0,0.0,0.0,0.0,0.0,0.0,0.0,0.0,0.0,0.0,0.0
60.0,0.015929,0.00331,0.000003,79130608.0,94756840.0,12288.0,3466.0,146.0,1171.0,0.0,2872.0,6388.0,149.0,210501632.0,94670848.0,23824576.0,71.0,288.0,155.0,0.0,0.0,0.0,0.01,0.0,0.0,0.0,0.0,0.0,0.0,0.0,0.0,0.0,0.0,4.0,0.0,0.0,0.0,0.0,0.0,0.0,0.0,0.0,0.0,0.0,0.0,0.0,0.0,0.0,0.0,0.0,0.0,0.0,0.0,0.0,0.0,0.0,0.0,0.0
60.0,0.016027,0.002376,0.000003,78840296.0,94756840.0,12288.0,3340.0,146.0,1092.0,0.0,2825.0,6604.0,161.0,210501632.0,94670848.0,23871220.0,64.0,277.0,139.0,0.0,0.0,0.0,0.01,0.0,0.0,0.0,0.0,0.0,0.0,0.0,0.0,0.0,0.0,4.0,0.0,0.0,0.0,0.0,0.0,0.0,0.0,0.0,0.0,0.0,0.0,0.0,0.0,0.0,0.0,0.0,0.0,0.0,0.0,0.0,0.0,0.0,0.0,0.0
60.0,0.01618,0.002644,0.000003,79131296.0,94756840.0,12288.0,3444.0,146.0,1175.0,0.0,2884.0,6521.0,166.0,210501632.0,94670848.0,23840660.0,70.0,313.0,173.0,0.0,0.0,0.0,0.01,0.0,0.0,0.0,0.0,0.0,0.0,0.0,0.0,0.0,0.0,4.0,0.0,0.0,0.0,0.0,0.0,0.0,0.0,0.0,0.0,0.0,0.0,0.0,0.0,0.0,0.0,0.0,0.0,0.0,0.0,0.0,0.0,0.0,0.0,0.0
60.0,0.01606,0.002368,0.000004,79443968.0,94756840.0,12288.0,3490.0,146.0,1189.0,0.0,2913.0,6962.0,176.0,210501632.0,94670848.0,23902080.0,71.0,312.0,171.0,0.0,0.0,0.0,0.01,0.0,0.0,0.0,0.0,0.0,0.0,0.0,0.0,0.0,0.0,4.0,0.0,0.0,0.0,0.0,0.0,0.0,0.0,0.0,0.0,0.0,0.0,0.0,0.0,0.0,0.0,0.0,0.0,0.0,0.0,0.0,0.0,0.0,0.0,0.0
60.0,0.016085,0.002778,0.000003,79527168.0,94756840.0,12288.0,3491.0,146.0,1169.0,0.0,2950.0,7129.0,179.0,210501632.0,94670848.0,23916108.0,62.0,312.0,165.0,0.0,0.0,0.0,0.01,0.0,0.0,0.0,0.0,0.0,0.0,0.0,0.0,0.0,0.0,4.0,0.0,0.0,0.0,0.0,0.0,0.0,0.0,0.0,0.0,0.0,0.0,0.0,0.0,0.0,0.0,0.0,0.0,0.0,0.0,0.0,0.0,0.0,0.0,0.0
60.0,0.016109,0.003019,0.000003,78817792.0,94756840.0,12288.0,3333.0,146.0,1123.0,0.0,2784.0,6418.0,150.0,210501632.0,94670848.0,23855716.0,66.0,311.0,175.0,0.0,0.0,0.0,0.01,0.0,0.0,0.0,0.0,0.0,0.0,0.0,0.0,0.0,0.0,4.0,0.0,0.0,0.0,0.0,0.0,0.0,0.0,0.0,0.0,0.0,0.0,0.0,0.0,0.0,0.0,0.0,0.0,0.0,0.0,0.0,0.0,0.0,0.0,0.0
60.0,0.016542,0.002525,0.000003,79286672.0,94756840.0,12288.0,3449.0,146.0,1169.0,0.0,2852.0,6667.0,153.0,210501632.0,94670848.0,23871704.0,70.0,298.0,156.0,0.0,0.0,0.0,0.01,0.0,0.0,0.0,0.0,0.0,0.0,0.0,0.0,0.0,0.0,4.0,0.0,0.0,0.0,0.0,0.0,0.0,0.0,0.0,0.0,0.0,0.0,0.0,0.0,0.0,0.0,0.0,0.0,0.0,0.0,0.0,0.0,0.0,0.0,0.0
60.0,0.01602,0.002155,0.000003,79138224.0,94756840.0,12288.0,3399.0,146.0,1132.0,0.0,2843.0,6651.0,162.0,210501632.0,94670848.0,23871812.0,63.0,294.0,153.0,0.0,0.0,0.0,0.01,0.0,0.0,0.0,0.0,0.0,0.0,0.0,0.0,0.0,0.0,4.0,0.0,0.0,0.0,0.0,0.0,0.0,0.0,0.0,0.0,0.0,0.0,0.0,0.0,0.0,0.0,0.0,0.0,0.0,0.0,0.0,0.0,0.0,0.0,0.0
60.0,0.016123,0.002992,0.000003,78969792.0,94756840.0,12288.0,3378.0,146.0,1160.0,0.0,2799.0,6045.0,151.0,210501632.0,94670848.0,23793480.0,72.0,365.0,220.0,0.0,0.0,0.0,0.01,0.0,0.0,0.0,0.0,0.0,0.0,0.0,0.0,0.0,0.0,4.0,0.0,0.0,0.0,0.0,0.0,0.0,0.0,0.0,0.0,0.0,0.0,0.0,0.0,0.0,0.0,0.0,0.0,0.0,0.0,0.0,0.0,0.0,0.0,0.0
60.0,0.015932,0.002409,0.000006,79133408.0,94756840.0,12288.0,3384.0,146.0,1168.0,0.0,2771.0,6408.0,160.0,210501632.0,94670848.0,23857236.0,76.0,356.0,207.0,0.0,0.0,0.0,0.01,0.0,0.0,0.0,0.0,0.0,0.0,0.0,0.0,0.0,0.0,4.0,0.0,0.0,0.0,0.0,0.0,0.0,0.0,0.0,0.0,0.0,0.0,0.0,0.0,0.0,0.0,0.0,0.0,0.0,0.0,0.0,0.0,0.0,0.0,0.0
60.0,0.015917,0.002305,0.000012,79943800.0,94756840.0,12288.0,3552.0,146.0,1222.0,0.0,2940.0,6823.0,176.0,210501632.0,94670848.0,23871584.0,70.0,355.0,196.0,0.0,0.0,0.0,0.01,0.0,0.0,0.0,0.0,0.0,0.0,0.0,0.0,0.0,0.0,4.0,0.0,0.0,0.0,0.0,0.0,0.0,0.0,0.0,0.0,0.0,0.0,0.0,0.0,0.0,0.0,0.0,0.0,0.0,0.0,0.0,0.0,0.0,0.0,0.0
60.0,0.015959,0.002646,0.000013,80254336.0,94756840.0,12288.0,3659.0,146.0,1295.0,0.0,2933.0,6715.0,170.0,210501632.0,94670848.0,23857144.0,74.0,381.0,227.0,0.0,0.0,0.0,0.01,0.0,0.0,0.0,0.0,0.0,0.0,0.0,0.0,0.0,0.0,4.0,0.0,0.0,0.0,0.0,0.0,0.0,0.0,0.0,0.0,0.0,0.0,0.0,0.0,0.0,0.0,0.0,0.0,0.0,0.0,0.0,0.0,0.0,0.0,0.0
60.0,0.015877,0.002593,0.000003,80202048.0,94756840.0,12288.0,3619.0,146.0,1262.0,0.0,2910.0,6867.0,168.0,210501632.0,94670848.0,23887812.0,77.0,358.0,203.0,0.0,0.0,0.0,0.01,0.0,0.0,0.0,0.0,0.0,0.0,0.0,0.0,0.0,0.0,4.0,0.0,0.0,0.0,0.0,0.0,0.0,0.0,0.0,0.0,0.0,0.0,0.0,0.0,0.0,0.0,0.0,0.0,0.0,0.0,0.0,0.0,0.0,0.0,0.0
60.0,0.015801,0.002359,0.000003,79773216.0,94756840.0,12288.0,3494.0,146.0,1179.0,0.0,2931.0,6831.0,180.0,210501632.0,94670848.0,23874444.0,70.0,341.0,188.0,0.0,0.0,0.0,0.01,0.0,0.0,0.0,0.0,0.0,0.0,0.0,0.0,0.0,0.0,4.0,0.0,0.0,0.0,0.0,0.0,0.0,0.0,0.0,0.0,0.0,0.0,0.0,0.0,0.0,0.0,0.0,0.0,0.0,0.0,0.0,0.0,0.0,0.0,0.0
60.0,0.015764,0.00275,0.000003,79494584.0,94756840.0,12288.0,3452.0,146.0,1193.0,0.0,2843.0,6237.0,173.0,210501632.0,94670848.0,23810728.0,78.0,406.0,240.0,0.0,0.0,0.0,0.01,0.0,0.0,0.0,0.0,0.0,0.0,0.0,0.0,0.0,0.0,4.0,0.0,0.0,0.0,0.0,0.0,0.0,0.0,0.0,0.0,0.0,0.0,0.0,0.0,0.0,0.0,0.0,0.0,0.0,0.0,0.0,0.0,0.0,0.0,0.0
60.0,0.015781,0.002692,0.000003,80050496.0,94756840.0,12288.0,3553.0,146.0,1237.0,0.0,2883.0,7007.0,176.0,210501632.0,94670848.0,23917676.0,78.0,375.0,210.0,0.0,0.0,0.0,0.01,0.0,0.0,0.0,0.0,0.0,0.0,0.0,0.0,0.0,0.0,4.0,0.0,0.0,0.0,0.0,0.0,0.0,0.0,0.0,0.0,0.0,0.0,0.0,0.0,0.0,0.0,0.0,0.0,0.0,0.0,0.0,0.0,0.0,0.0,0.0
60.0,0.015916,0.002442,0.000003,80020080.0,94756840.0,12288.0,3554.0,146.0,1225.0,0.0,2939.0,6926.0,184.0,210501632.0,94670848.0,23888140.0,71.0,351.0,197.0,0.0,0.0,0.0,0.01,0.0,0.0,0.0,0.0,0.0,0.0,0.0,0.0,0.0,0.0,4.0,0.0,0.0,0.0,0.0,0.0,0.0,0.0,0.0,0.0,0.0,0.0,0.0,0.0,0.0,0.0,0.0,0.0,0.0,0.0,0.0,0.0,0.0,0.0,0.0
60.0,0.015925,0.00289,0.000055,79763984.0,94756840.0,12288.0,3518.0,146.0,1236.0,0.0,2876.0,6401.0,173.0,210501632.0,94670848.0,23826104.0,77.0,408.0,246.0,0.0,0.0,0.0,0.01,0.0,0.0,0.0,0.0,0.0,0.0,0.0,0.0,0.0,0.0,4.0,0.0,0.0,0.0,0.0,0.0,0.0,0.0,0.0,0.0,0.0,0.0,0.0,0.0,0.0,0.0,0.0,0.0,0.0,0.0,0.0,0.0,0.0,0.0,0.0
60.0,0.018327,0.003285,0.000003,80651072.0,94756840.0,12288.0,3690.0,146.0,1303.0,0.0,2996.0,7347.0,183.0,210501632.0,94670848.0,23934600.0,77.0,362.0,208.0,0.0,0.0,0.0,0.01,0.0,0.0,0.0,0.0,0.0,0.0,0.0,0.0,0.0,0.0,4.0,0.0,0.0,0.0,0.0,0.0,0.0,0.0,0.0,0.0,0.0,0.0,0.0,0.0,0.0,0.0,0.0,0.0,0.0,0.0,0.0,0.0,0.0,0.0,0.0
60.0,0.018606,0.00303,0.000004,80196592.0,94756840.0,12288.0,3546.0,146.0,1212.0,0.0,2920.0,7268.0,172.0,210501632.0,94670848.0,23951972.0,65.0,343.0,187.0,0.0,0.0,0.0,0.01,0.0,0.0,0.0,0.0,0.0,0.0,0.0,0.0,0.0,0.0,4.0,0.0,0.0,0.0,0.0,0.0,0.0,0.0,0.0,0.0,0.0,0.0,0.0,0.0,0.0,0.0,0.0,0.0,0.0,0.0,0.0,0.0,0.0,0.0,0.0
60.0,0.018763,0.003252,0.000005,79804248.0,94756840.0,12288.0,3484.0,146.0,1202.0,0.0,2886.0,6624.0,166.0,210501632.0,94670848.0,23871500.0,70.0,344.0,191.0,0.0,0.0,0.0,0.01,0.0,0.0,0.0,0.0,0.0,0.0,0.0,0.0,0.0,0.0,4.0,0.0,0.0,0.0,0.0,0.0,0.0,0.0,0.0,0.0,0.0,0.0,0.0,0.0,0.0,0.0,0.0,0.0,0.0,0.0,0.0,0.0,0.0,0.0,0.0
60.0,0.018597,0.00272,0.000003,79611616.0,94756840.0,12288.0,3422.0,146.0,1159.0,0.0,2839.0,6529.0,164.0,210501632.0,94670848.0,23857736.0,74.0,339.0,186.0,0.0,0.0,0.0,0.01,0.0,0.0,0.0,0.0,0.0,0.0,0.0,0.0,0.0,0.0,4.0,0.0,0.0,0.0,0.0,0.0,0.0,0.0,0.0,0.0,0.0,0.0,0.0,0.0,0.0,0.0,0.0,0.0,0.0,0.0,0.0,0.0,0.0,0.0,0.0
60.0,0.01848,0.003485,0.000005,79523392.0,94756840.0,12288.0,3376.0,146.0,1124.0,0.0,2832.0,6709.0,171.0,210501632.0,94670848.0,23886768.0,68.0,357.0,205.0,0.0,0.0,0.0,0.01,0.0,0.0,0.0,0.0,0.0,0.0,0.0,0.0,0.0,0.0,4.0,0.0,0.0,0.0,0.0,0.0,0.0,0.0,0.0,0.0,0.0,0.0,0.0,0.0,0.0,0.0,0.0,0.0,0.0,0.0,0.0,0.0,0.0,0.0,0.0
60.0,0.018139,0.002714,0.000003,79492048.0,94756840.0,12288.0,3413.0,146.0,1177.0,0.0,2806.0,6164.0,164.0,210501632.0,94670848.0,23810008.0,75.0,420.0,250.0,0.0,0.0,0.0,0.01,0.0,0.0,0.0,0.0,0.0,0.0,0.0,0.0,0.0,0.0,4.0,0.0,0.0,0.0,0.0,0.0,0.0,0.0,0.0,0.0,0.0,0.0,0.0,0.0,0.0,0.0,0.0,0.0,0.0,0.0,0.0,0.0,0.0,0.0,0.0
60.0,0.018397,0.002872,0.000014,80750312.0,94756840.0,12288.0,3699.0,146.0,1287.0,0.0,3040.0,7414.0,185.0,210501632.0,94670848.0,23933316.0,76.0,381.0,218.0,0.0,0.0,0.0,0.01,0.0,0.0,0.0,0.0,0.0,0.0,0.0,0.0,0.0,0.0,4.0,0.0,0.0,0.0,0.0,0.0,0.0,0.0,0.0,0.0,0.0,0.0,0.0,0.0,0.0,0.0,0.0,0.0,0.0,0.0,0.0,0.0,0.0,0.0,0.0
60.0,0.018308,0.002576,0.000003,80353488.0,94756840.0,12288.0,3587.0,146.0,1219.0,0.0,2995.0,7241.0,176.0,210501632.0,94670848.0,23949000.0,65.0,333.0,181.0,0.0,0.0,0.0,0.01,0.0,0.0,0.0,0.0,0.0,0.0,0.0,0.0,0.0,0.0,4.0,0.0,0.0,0.0,0.0,0.0,0.0,0.0,0.0,0.0,0.0,0.0,0.0,0.0,0.0,0.0,0.0,0.0,0.0,0.0,0.0,0.0,0.0,0.0,0.0
60.0,0.018516,0.002806,0.000004,79567096.0,94756840.0,12288.0,3424.0,146.0,1184.0,0.0,2835.0,6323.0,165.0,210501632.0,94670848.0,23826824.0,72.0,389.0,227.0,0.0,0.0,0.0,0.01,0.0,0.0,0.0,0.0,0.0,0.0,0.0,0.0,0.0,0.0,4.0,0.0,0.0,0.0,0.0,0.0,0.0,0.0,0.0,0.0,0.0,0.0,0.0,0.0,0.0,0.0,0.0,0.0,0.0,0.0,0.0,0.0,0.0,0.0,0.0
60.0,0.018432,0.002472,0.000013,79514528.0,94756840.0,12288.0,3404.0,146.0,1162.0,0.0,2818.0,6295.0,163.0,210501632.0,94670848.0,23827020.0,78.0,375.0,214.0,0.0,0.0,0.0,0.01,0.0,0.0,0.0,0.0,0.0,0.0,0.0,0.0,0.0,0.0,4.0,0.0,0.0,0.0,0.0,0.0,0.0,0.0,0.0,0.0,0.0,0.0,0.0,0.0,0.0,0.0,0.0,0.0,0.0,0.0,0.0,0.0,0.0,0.0,0.0
60.0,0.018429,0.002518,0.000004,80055232.0,94756840.0,12288.0,3511.0,146.0,1193.0,0.0,2940.0,6935.0,182.0,210501632.0,94670848.0,23889928.0,71.0,373.0,209.0,0.0,0.0,0.0,0.01,0.0,0.0,0.0,0.0,0.0,0.0,0.0,0.0,0.0,0.0,4.0,0.0,0.0,0.0,0.0,0.0,0.0,0.0,0.0,0.0,0.0,0.0,0.0,0.0,0.0,0.0,0.0,0.0,0.0,0.0,0.0,0.0,0.0,0.0,0.0
60.0,0.018108,0.002889,0.000003,80522704.0,94756840.0,12288.0,3674.0,146.0,1299.0,0.0,3030.0,6816.0,191.0,210501632.0,94670848.0,23844376.0,76.0,454.0,273.0,0.0,0.0,0.0,0.01,0.0,0.0,0.0,0.0,0.0,0.0,0.0,0.0,0.0,0.0,4.0,0.0,0.0,0.0,0.0,0.0,0.0,0.0,0.0,0.0,0.0,0.0,0.0,0.0,0.0,0.0,0.0,0.0,0.0,0.0,0.0,0.0,0.0,0.0,0.0
60.0,0.019843,0.003448,0.000003,80903072.0,94756840.0,12288.0,3740.0,146.0,1342.0,0.0,2992.0,7415.0,180.0,210501632.0,94670848.0,23948888.0,76.0,364.0,199.0,0.0,0.0,0.0,0.01,0.0,0.0,0.0,0.0,0.0,0.0,0.0,0.0,0.0,0.0,4.0,0.0,0.0,0.0,0.0,0.0,0.0,0.0,0.0,0.0,0.0,0.0,0.0,0.0,0.0,0.0,0.0,0.0,0.0,0.0,0.0,0.0,0.0,0.0,0.0
60.0,0.016042,0.002459,0.000003,79694872.0,94756840.0,12288.0,3411.0,146.0,1162.0,0.0,2830.0,6697.0,169.0,210501632.0,94670848.0,23888508.0,68.0,332.0,177.0,0.0,0.0,0.0,0.01,0.0,0.0,0.0,0.0,0.0,0.0,0.0,0.0,0.0,0.0,4.0,0.0,0.0,0.0,0.0,0.0,0.0,0.0,0.0,0.0,0.0,0.0,0.0,0.0,0.0,0.0,0.0,0.0,0.0,0.0,0.0,0.0,0.0,0.0,0.0
60.0,0.017185,0.002625,0.000003,80196880.0,94756840.0,12288.0,3568.0,146.0,1259.0,0.0,2910.0,6686.0,170.0,210501632.0,94670848.0,23858760.0,73.0,370.0,217.0,0.0,0.0,0.0,0.01,0.0,0.0,0.0,0.0,0.0,0.0,0.0,0.0,0.0,0.0,4.0,0.0,0.0,0.0,0.0,0.0,0.0,0.0,0.0,0.0,0.0,0.0,0.0,0.0,0.0,0.0,0.0,0.0,0.0,0.0,0.0,0.0,0.0,0.0,0.0
60.0,0.017623,0.002679,0.000003,79927872.0,94756840.0,12288.0,3491.0,146.0,1234.0,0.0,2824.0,6720.0,166.0,210501632.0,94670848.0,23890092.0,76.0,342.0,191.0,0.0,0.0,0.0,0.01,0.0,0.0,0.0,0.0,0.0,0.0,0.0,0.0,0.0,0.0,4.0,0.0,0.0,0.0,0.0,0.0,0.0,0.0,0.0,0.0,0.0,0.0,0.0,0.0,0.0,0.0,0.0,0.0,0.0,0.0,0.0,0.0,0.0,0.0,0.0
60.0,0.017864,0.002673,0.000003,80322320.0,94756840.0,12288.0,3592.0,146.0,1247.0,0.0,2938.0,6913.0,174.0,210501632.0,94670848.0,23900992.0,70.0,342.0,194.0,0.0,0.0,0.0,0.01,0.0,0.0,0.0,0.0,0.0,0.0,0.0,0.0,0.0,0.0,4.0,0.0,0.0,0.0,0.0,0.0,0.0,0.0,0.0,0.0,0.0,0.0,0.0,0.0,0.0,0.0,0.0,0.0,0.0,0.0,0.0,0.0,0.0,0.0,0.0
60.0,0.018602,0.002784,0.000003,79922544.0,94756840.0,12288.0,3494.0,146.0,1234.0,0.0,2865.0,6576.0,180.0,210501632.0,94670848.0,23886816.0,72.0,354.0,209.0,0.0,0.0,0.0,0.01,0.0,0.0,0.0,0.0,0.0,0.0,0.0,0.0,0.0,0.0,4.0,0.0,0.0,0.0,0.0,0.0,0.0,0.0,0.0,0.0,0.0,0.0,0.0,0.0,0.0,0.0,0.0,0.0,0.0,0.0,0.0,0.0,0.0,0.0,0.0
60.0,0.018615,0.002424,0.000003,79929936.0,94756840.0,12288.0,3515.0,146.0,1247.0,0.0,2853.0,6372.0,172.0,210501632.0,94670848.0,23826720.0,79.0,367.0,216.0,0.0,0.0,0.0,0.01,0.0,0.0,0.0,0.0,0.0,0.0,0.0,0.0,0.0,0.0,4.0,0.0,0.0,0.0,0.0,0.0,0.0,0.0,0.0,0.0,0.0,0.0,0.0,0.0,0.0,0.0,0.0,0.0,0.0,0.0,0.0,0.0,0.0,0.0,0.0
60.0,0.01739,0.002315,0.000003,80715344.0,94756840.0,12288.0,3661.0,146.0,1266.0,0.0,3010.0,7370.0,186.0,210501632.0,94670848.0,23934884.0,68.0,364.0,209.0,0.0,0.0,0.0,0.01,0.0,0.0,0.0,0.0,0.0,0.0,0.0,0.0,0.0,0.0,4.0,0.0,0.0,0.0,0.0,0.0,0.0,0.0,0.0,0.0,0.0,0.0,0.0,0.0,0.0,0.0,0.0,0.0,0.0,0.0,0.0,0.0,0.0,0.0,0.0
60.0,0.017792,0.002736,0.000003,80172752.0,94756840.0,12288.0,3570.0,146.0,1277.0,0.0,2914.0,6583.0,172.0,210501632.0,94670848.0,23841724.0,74.0,404.0,248.0,0.0,0.0,0.0,0.01,0.0,0.0,0.0,0.0,0.0,0.0,0.0,0.0,0.0,0.0,4.0,0.0,0.0,0.0,0.0,0.0,0.0,0.0,0.0,0.0,0.0,0.0,0.0,0.0,0.0,0.0,0.0,0.0,0.0,0.0,0.0,0.0,0.0,0.0,0.0
60.0,0.017666,0.002624,0.000003,79937632.0,94756840.0,12288.0,3508.0,146.0,1252.0,0.0,2864.0,6387.0,174.0,210501632.0,94670848.0,23826760.0,80.0,437.0,273.0,0.0,0.0,0.0,0.01,0.0,0.0,0.0,0.0,0.0,0.0,0.0,0.0,0.0,0.0,4.0,0.0,0.0,0.0,0.0,0.0,0.0,0.0,0.0,0.0,0.0,0.0,0.0,0.0,0.0,0.0,0.0,0.0,0.0,0.0,0.0,0.0,0.0,0.0,0.0
60.0,0.017596,0.002849,0.000003,80455480.0,94756840.0,12288.0,3571.0,146.0,1241.0,0.0,2960.0,7258.0,186.0,210501632.0,94670848.0,23933296.0,70.0,369.0,212.0,0.0,0.0,0.0,0.01,0.0,0.0,0.0,0.0,0.0,0.0,0.0,0.0,0.0,0.0,4.0,0.0,0.0,0.0,0.0,0.0,0.0,0.0,0.0,0.0,0.0,0.0,0.0,0.0,0.0,0.0,0.0,0.0,0.0,0.0,0.0,0.0,0.0,0.0,0.0
60.0,0.018722,0.003064,0.000004,80196152.0,94756840.0,12288.0,3517.0,146.0,1239.0,0.0,2922.0,6971.0,191.0,210501632.0,94670848.0,23901468.0,71.0,376.0,220.0,0.0,0.0,0.0,0.01,0.0,0.0,0.0,0.0,0.0,0.0,0.0,0.0,0.0,0.0,4.0,0.0,0.0,0.0,0.0,0.0,0.0,0.0,0.0,0.0,0.0,0.0,0.0,0.0,0.0,0.0,0.0,0.0,0.0,0.0,0.0,0.0,0.0,0.0,0.0
60.0,0.017874,0.00212,0.000003,80039168.0,94756840.0,12288.0,3523.0,146.0,1249.0,0.0,2842.0,6318.0,161.0,210501632.0,94670848.0,23839824.0,78.0,394.0,233.0,0.0,0.0,0.0,0.01,0.0,0.0,0.0,0.0,0.0,0.0,0.0,0.0,0.0,0.0,4.0,0.0,0.0,0.0,0.0,0.0,0.0,0.0,0.0,0.0,0.0,0.0,0.0,0.0,0.0,0.0,0.0,0.0,0.0,0.0,0.0,0.0,0.0,0.0,0.0
60.0,0.017328,0.002467,0.000003,80054736.0,94756840.0,12288.0,3481.0,146.0,1188.0,0.0,2909.0,6756.0,174.0,210501632.0,94670848.0,23871148.0,71.0,360.0,197.0,0.0,0.0,0.0,0.01,0.0,0.0,0.0,0.0,0.0,0.0,0.0,0.0,0.0,0.0,4.0,0.0,0.0,0.0,0.0,0.0,0.0,0.0,0.0,0.0,0.0,0.0,0.0,0.0,0.0,0.0,0.0,0.0,0.0,0.0,0.0,0.0,0.0,0.0,0.0
60.0,0.017787,0.003233,0.000004,80490432.0,94756840.0,12288.0,3603.0,146.0,1260.0,0.0,2914.0,6890.0,168.0,210501632.0,94670848.0,23889560.0,74.0,358.0,205.0,0.0,0.0,0.0,0.01,0.0,0.0,0.0,0.0,0.0,0.0,0.0,0.0,0.0,0.0,4.0,0.0,0.0,0.0,0.0,0.0,0.0,0.0,0.0,0.0,0.0,0.0,0.0,0.0,0.0,0.0,0.0,0.0,0.0,0.0,0.0,0.0,0.0,0.0,0.0
60.0,0.017738,0.002264,0.000004,80217472.0,94756840.0,12288.0,3532.0,146.0,1247.0,0.0,2876.0,6720.0,171.0,210501632.0,94670848.0,23873352.0,77.0,366.0,211.0,0.0,0.0,0.0,0.01,0.0,0.0,0.0,0.0,0.0,0.0,0.0,0.0,0.0,0.0,4.0,0.0,0.0,0.0,0.0,0.0,0.0,0.0,0.0,0.0,0.0,0.0,0.0,0.0,0.0,0.0,0.0,0.0,0.0,0.0,0.0,0.0,0.0,0.0,0.0
60.0,0.017844,0.002293,0.000003,80654984.0,94756840.0,12288.0,3635.0,146.0,1258.0,0.0,2969.0,7022.0,176.0,210501632.0,94670848.0,23891236.0,71.0,354.0,201.0,0.0,0.0,0.0,0.01,0.0,0.0,0.0,0.0,0.0,0.0,0.0,0.0,0.0,0.0,4.0,0.0,0.0,0.0,0.0,0.0,0.0,0.0,0.0,0.0,0.0,0.0,0.0,0.0,0.0,0.0,0.0,0.0,0.0,0.0,0.0,0.0,0.0,0.0,0.0
60.0,0.017862,0.002781,0.000003,80535208.0,94756840.0,12288.0,3585.0,146.0,1252.0,0.0,2926.0,7121.0,180.0,210501632.0,94670848.0,23920312.0,71.0,336.0,188.0,0.0,0.0,0.0,0.01,0.0,0.0,0.0,0.0,0.0,0.0,0.0,0.0,0.0,0.0,4.0,0.0,0.0,0.0,0.0,0.0,0.0,0.0,0.0,0.0,0.0,0.0,0.0,0.0,0.0,0.0,0.0,0.0,0.0,0.0,0.0,0.0,0.0,0.0,0.0
60.0,0.01751,0.002489,0.000003,80487808.0,94756840.0,12288.0,3603.0,146.0,1285.0,0.0,2930.0,6819.0,167.0,210501632.0,94670848.0,23873656.0,75.0,360.0,205.0,0.0,0.0,0.0,0.01,0.0,0.0,0.0,0.0,0.0,0.0,0.0,0.0,0.0,0.0,4.0,0.0,0.0,0.0,0.0,0.0,0.0,0.0,0.0,0.0,0.0,0.0,0.0,0.0,0.0,0.0,0.0,0.0,0.0,0.0,0.0,0.0,0.0,0.0,0.0
60.0,0.018333,0.002803,0.000004,80182480.0,94756840.0,12288.0,3499.0,146.0,1185.0,0.0,2900.0,6766.0,173.0,210501632.0,94670848.0,23878528.0,68.0,336.0,184.0,0.0,0.0,0.0,0.01,0.0,0.0,0.0,0.0,0.0,0.0,0.0,0.0,0.0,0.0,4.0,0.0,0.0,0.0,0.0,0.0,0.0,0.0,0.0,0.0,0.0,0.0,0.0,0.0,0.0,0.0,0.0,0.0,0.0,0.0,0.0,0.0,0.0,0.0,0.0
60.0,0.017649,0.002581,0.000005,80035168.0,94756840.0,12288.0,3474.0,146.0,1194.0,0.0,2874.0,6513.0,164.0,210501632.0,94670848.0,23842400.0,74.0,371.0,209.0,0.0,0.0,0.0,0.01,0.0,0.0,0.0,0.0,0.0,0.0,0.0,0.0,0.0,0.0,4.0,0.0,0.0,0.0,0.0,0.0,0.0,0.0,0.0,0.0,0.0,0.0,0.0,0.0,0.0,0.0,0.0,0.0,0.0,0.0,0.0,0.0,0.0,0.0,0.0
60.0,0.017999,0.002562,0.000003,80551648.0,94756840.0,12288.0,3602.0,146.0,1279.0,0.0,2922.0,6974.0,166.0,210501632.0,94670848.0,23901508.0,75.0,377.0,215.0,0.0,0.0,0.0,0.01,0.0,0.0,0.0,0.0,0.0,0.0,0.0,0.0,0.0,0.0,4.0,0.0,0.0,0.0,0.0,0.0,0.0,0.0,0.0,0.0,0.0,0.0,0.0,0.0,0.0,0.0,0.0,0.0,0.0,0.0,0.0,0.0,0.0,0.0,0.0
60.0,0.018956,0.003233,0.000006,80333568.0,94756840.0,12288.0,3524.0,146.0,1205.0,0.0,2896.0,7039.0,165.0,210501632.0,94670848.0,23918440.0,67.0,333.0,176.0,0.0,0.0,0.0,0.01,0.0,0.0,0.0,0.0,0.0,0.0,0.0,0.0,0.0,0.0,4.0,0.0,0.0,0.0,0.0,0.0,0.0,0.0,0.0,0.0,0.0,0.0,0.0,0.0,0.0,0.0,0.0,0.0,0.0,0.0,0.0,0.0,0.0,0.0,0.0
60.0,0.017855,0.003236,0.000014,80090064.0,94756840.0,12288.0,3469.0,146.0,1189.0,0.0,2883.0,6822.0,166.0,210501632.0,94670848.0,23887340.0,68.0,296.0,156.0,0.0,0.0,0.0,0.01,0.0,0.0,0.0,0.0,0.0,0.0,0.0,0.0,0.0,0.0,4.0,0.0,0.0,0.0,0.0,0.0,0.0,0.0,0.0,0.0,0.0,0.0,0.0,0.0,0.0,0.0,0.0,0.0,0.0,0.0,0.0,0.0,0.0,0.0,0.0
60.0,0.017837,0.002226,0.000003,79673080.0,94756840.0,12288.0,3387.0,146.0,1186.0,0.0,2799.0,6262.0,158.0,210501632.0,94670848.0,23825848.0,75.0,364.0,210.0,0.0,0.0,0.0,0.01,0.0,0.0,0.0,0.0,0.0,0.0,0.0,0.0,0.0,0.0,4.0,0.0,0.0,0.0,0.0,0.0,0.0,0.0,0.0,0.0,0.0,0.0,0.0,0.0,0.0,0.0,0.0,0.0,0.0,0.0,0.0,0.0,0.0,0.0,0.0
60.0,0.017673,0.002776,0.000003,80261816.0,94756840.0,12288.0,3487.0,146.0,1182.0,0.0,2897.0,7133.0,167.0,210501632.0,94670848.0,23932032.0,64.0,310.0,155.0,0.0,0.0,0.0,0.01,0.0,0.0,0.0,0.0,0.0,0.0,0.0,0.0,0.0,0.0,4.0,0.0,0.0,0.0,0.0,0.0,0.0,0.0,0.0,0.0,0.0,0.0,0.0,0.0,0.0,0.0,0.0,0.0,0.0,0.0,0.0,0.0,0.0,0.0,0.0
60.0,0.018411,0.002907,0.000003,80555360.0,94756840.0,12288.0,3602.0,146.0,1246.0,0.0,2992.0,7032.0,177.0,210501632.0,94670848.0,23886768.0,67.0,329.0,176.0,0.0,0.0,0.0,0.01,0.0,0.0,0.0,0.0,0.0,0.0,0.0,0.0,0.0,0.0,4.0,0.0,0.0,0.0,0.0,0.0,0.0,0.0,0.0,0.0,0.0,0.0,0.0,0.0,0.0,0.0,0.0,0.0,0.0,0.0,0.0,0.0,0.0,0.0,0.0
60.0,0.017813,0.002306,0.000003,79834880.0,94756840.0,12288.0,3429.0,146.0,1207.0,0.0,2812.0,6378.0,159.0,210501632.0,94670848.0,23841788.0,72.0,368.0,218.0,0.0,0.0,0.0,0.01,0.0,0.0,0.0,0.0,0.0,0.0,0.0,0.0,0.0,0.0,4.0,0.0,0.0,0.0,0.0,0.0,0.0,0.0,0.0,0.0,0.0,0.0,0.0,0.0,0.0,0.0,0.0,0.0,0.0,0.0,0.0,0.0,0.0,0.0,0.0
60.0,0.017876,0.002249,0.000003,80205888.0,94756840.0,12288.0,3471.0,146.0,1188.0,0.0,2883.0,7096.0,170.0,210501632.0,94670848.0,23932704.0,62.0,337.0,185.0,0.0,0.0,0.0,0.01,0.0,0.0,0.0,0.0,0.0,0.0,0.0,0.0,0.0,0.0,4.0,0.0,0.0,0.0,0.0,0.0,0.0,0.0,0.0,0.0,0.0,0.0,0.0,0.0,0.0,0.0,0.0,0.0,0.0,0.0,0.0,0.0,0.0,0.0,0.0
60.0,0.017823,0.002522,0.000005,79889024.0,94756840.0,12288.0,3433.0,146.0,1176.0,0.0,2853.0,6552.0,165.0,210501632.0,94670848.0,23856136.0,66.0,314.0,168.0,0.0,0.0,0.0,0.01,0.0,0.0,0.0,0.0,0.0,0.0,0.0,0.0,0.0,0.0,4.0,0.0,0.0,0.0,0.0,0.0,0.0,0.0,0.0,0.0,0.0,0.0,0.0,0.0,0.0,0.0,0.0,0.0,0.0,0.0,0.0,0.0,0.0,0.0,0.0
60.0,0.01809,0.002479,0.000003,80255504.0,94756840.0,12288.0,3546.0,146.0,1249.0,0.0,2880.0,6499.0,159.0,210501632.0,94670848.0,23840308.0,72.0,380.0,222.0,0.0,0.0,0.0,0.01,0.0,0.0,0.0,0.0,0.0,0.0,0.0,0.0,0.0,0.0,4.0,0.0,0.0,0.0,0.0,0.0,0.0,0.0,0.0,0.0,0.0,0.0,0.0,0.0,0.0,0.0,0.0,0.0,0.0,0.0,0.0,0.0,0.0,0.0,0.0
60.0,0.017834,0.002059,0.000003,79980176.0,94756840.0,12288.0,3437.0,146.0,1156.0,0.0,2889.0,6702.0,171.0,210501632.0,94670848.0,23870292.0,65.0,341.0,182.0,0.0,0.0,0.0,0.01,0.0,0.0,0.0,0.0,0.0,0.0,0.0,0.0,0.0,0.0,4.0,0.0,0.0,0.0,0.0,0.0,0.0,0.0,0.0,0.0,0.0,0.0,0.0,0.0,0.0,0.0,0.0,0.0,0.0,0.0,0.0,0.0,0.0,0.0,0.0
60.0,0.01831,0.002987,0.000006,80103264.0,94756840.0,12288.0,3486.0,146.0,1202.0,0.0,2867.0,6584.0,164.0,210501632.0,94670848.0,23856536.0,70.0,348.0,191.0,0.0,0.0,0.0,0.01,0.0,0.0,0.0,0.0,0.0,0.0,0.0,0.0,0.0,0.0,4.0,0.0,0.0,0.0,0.0,0.0,0.0,0.0,0.0,0.0,0.0,0.0,0.0,0.0,0.0,0.0,0.0,0.0,0.0,0.0,0.0,0.0,0.0,0.0,0.0
60.0,0.01798,0.002469,0.000003,80058248.0,94756840.0,12288.0,3505.0,146.0,1250.0,0.0,2841.0,6268.0,159.0,210501632.0,94670848.0,23813820.0,77.0,370.0,220.0,0.0,0.0,0.0,0.01,0.0,0.0,0.0,0.0,0.0,0.0,0.0,0.0,0.0,0.0,4.0,0.0,0.0,0.0,0.0,0.0,0.0,0.0,0.0,0.0,0.0,0.0,0.0,0.0,0.0,0.0,0.0,0.0,0.0,0.0,0.0,0.0,0.0,0.0,0.0
60.0,0.019446,0.002718,0.000003,80207184.0,94756840.0,12288.0,3476.0,146.0,1190.0,0.0,2884.0,7025.0,173.0,210501632.0,94670848.0,23918840.0,68.0,314.0,165.0,0.0,0.0,0.0,0.01,0.0,0.0,0.0,0.0,0.0,0.0,0.0,0.0,0.0,0.0,4.0,0.0,0.0,0.0,0.0,0.0,0.0,0.0,0.0,0.0,0.0,0.0,0.0,0.0,0.0,0.0,0.0,0.0,0.0,0.0,0.0,0.0,0.0,0.0,0.0
60.0,0.01909,0.002681,0.000003,80230600.0,94756840.0,12288.0,3517.0,146.0,1224.0,0.0,2904.0,6663.0,173.0,210501632.0,94670848.0,23856780.0,72.0,348.0,188.0,0.0,0.0,0.0,0.01,0.0,0.0,0.0,0.0,0.0,0.0,0.0,0.0,0.0,0.0,4.0,0.0,0.0,0.0,0.0,0.0,0.0,0.0,0.0,0.0,0.0,0.0,0.0,0.0,0.0,0.0,0.0,0.0,0.0,0.0,0.0,0.0,0.0,0.0,0.0
60.0,0.017753,0.002545,0.000005,80839168.0,94756840.0,12288.0,3688.0,146.0,1327.0,0.0,2992.0,6929.0,182.0,210501632.0,94670848.0,23872672.0,76.0,399.0,235.0,0.0,0.0,0.0,0.01,0.0,0.0,0.0,0.0,0.0,0.0,0.0,0.0,0.0,0.0,4.0,0.0,0.0,0.0,0.0,0.0,0.0,0.0,0.0,0.0,0.0,0.0,0.0,0.0,0.0,0.0,0.0,0.0,0.0,0.0,0.0,0.0,0.0,0.0,0.0
60.0,0.017741,0.002171,0.000003,80763360.0,94756840.0,12288.0,3619.0,146.0,1244.0,0.0,3000.0,7329.0,182.0,210501632.0,94670848.0,23937092.0,65.0,358.0,196.0,0.0,0.0,0.0,0.01,0.0,0.0,0.0,0.0,0.0,0.0,0.0,0.0,0.0,0.0,4.0,0.0,0.0,0.0,0.0,0.0,0.0,0.0,0.0,0.0,0.0,0.0,0.0,0.0,0.0,0.0,0.0,0.0,0.0,0.0,0.0,0.0,0.0,0.0,0.0
60.0,0.018132,0.002813,0.000003,80305288.0,94756840.0,12288.0,3523.0,146.0,1223.0,0.0,2910.0,6860.0,168.0,210501632.0,94670848.0,23887220.0,68.0,341.0,185.0,0.0,0.0,0.0,0.01,0.0,0.0,0.0,0.0,0.0,0.0,0.0,0.0,0.0,0.0,4.0,0.0,0.0,0.0,0.0,0.0,0.0,0.0,0.0,0.0,0.0,0.0,0.0,0.0,0.0,0.0,0.0,0.0,0.0,0.0,0.0,0.0,0.0,0.0,0.0
60.0,0.018642,0.002586,0.000004,80374768.0,94756840.0,12288.0,3560.0,146.0,1251.0,0.0,2885.0,6615.0,157.0,210501632.0,94670848.0,23860272.0,72.0,393.0,229.0,0.0,0.0,0.0,0.01,0.0,0.0,0.0,0.0,0.0,0.0,0.0,0.0,0.0,0.0,4.0,0.0,0.0,0.0,0.0,0.0,0.0,0.0,0.0,0.0,0.0,0.0,0.0,0.0,0.0,0.0,0.0,0.0,0.0,0.0,0.0,0.0,0.0,0.0,0.0
60.0,0.017879,0.002578,0.000013,80486752.0,94756840.0,12288.0,3549.0,146.0,1216.0,0.0,2925.0,7168.0,171.0,210501632.0,94670848.0,23931828.0,62.0,311.0,162.0,0.0,0.0,0.0,0.01,0.0,0.0,0.0,0.0,0.0,0.0,0.0,0.0,0.0,0.0,4.0,0.0,0.0,0.0,0.0,0.0,0.0,0.0,0.0,0.0,0.0,0.0,0.0,0.0,0.0,0.0,0.0,0.0,0.0,0.0,0.0,0.0,0.0,0.0,0.0
60.0,0.018041,0.002291,0.000006,80227912.0,94756840.0,12288.0,3517.0,146.0,1210.0,0.0,2878.0,6591.0,154.0,210501632.0,94670848.0,23855072.0,66.0,320.0,176.0,0.0,0.0,0.0,0.01,0.0,0.0,0.0,0.0,0.0,0.0,0.0,0.0,0.0,0.0,4.0,0.0,0.0,0.0,0.0,0.0,0.0,0.0,0.0,0.0,0.0,0.0,0.0,0.0,0.0,0.0,0.0,0.0,0.0,0.0,0.0,0.0,0.0,0.0,0.0
60.0,0.018012,0.002046,0.000003,79865856.0,94756840.0,12288.0,3415.0,146.0,1201.0,0.0,2788.0,6412.0,153.0,210501632.0,94670848.0,23855008.0,71.0,372.0,219.0,0.0,0.0,0.0,0.01,0.0,0.0,0.0,0.0,0.0,0.0,0.0,0.0,0.0,0.0,4.0,0.0,0.0,0.0,0.0,0.0,0.0,0.0,0.0,0.0,0.0,0.0,0.0,0.0,0.0,0.0,0.0,0.0,0.0,0.0,0.0,0.0,0.0,0.0,0.0
60.0,0.0179,0.002307,0.000003,79687184.0,94756840.0,12288.0,3339.0,146.0,1124.0,0.0,2818.0,6597.0,167.0,210501632.0,94670848.0,23872636.0,64.0,325.0,178.0,0.0,0.0,0.0,0.01,0.0,0.0,0.0,0.0,0.0,0.0,0.0,0.0,0.0,0.0,4.0,0.0,0.0,0.0,0.0,0.0,0.0,0.0,0.0,0.0,0.0,0.0,0.0,0.0,0.0,0.0,0.0,0.0,0.0,0.0,0.0,0.0,0.0,0.0,0.0
60.0,0.017908,0.002509,0.000006,80023328.0,94756840.0,12288.0,3468.0,146.0,1197.0,0.0,2849.0,6266.0,165.0,210501632.0,94670848.0,23811360.0,72.0,360.0,207.0,0.0,0.0,0.0,0.01,0.0,0.0,0.0,0.0,0.0,0.0,0.0,0.0,0.0,0.0,4.0,0.0,0.0,0.0,0.0,0.0,0.0,0.0,0.0,0.0,0.0,0.0,0.0,0.0,0.0,0.0,0.0,0.0,0.0,0.0,0.0,0.0,0.0,0.0,0.0
60.0,0.017627,0.002304,0.000004,80951848.0,94756840.0,12288.0,3715.0,146.0,1338.0,0.0,3024.0,6896.0,180.0,210501632.0,94670848.0,23857124.0,76.0,432.0,263.0,0.0,0.0,0.0,0.01,0.0,0.0,0.0,0.0,0.0,0.0,0.0,0.0,0.0,0.0,4.0,0.0,0.0,0.0,0.0,0.0,0.0,0.0,0.0,0.0,0.0,0.0,0.0,0.0,0.0,0.0,0.0,0.0,0.0,0.0,0.0,0.0,0.0,0.0,0.0
60.0,0.017185,0.002802,0.000003,81011024.0,94756840.0,12288.0,3665.0,146.0,1290.0,0.0,3043.0,7419.0,190.0,210501632.0,94670848.0,23933744.0,66.0,369.0,205.0,0.0,0.0,0.0,0.01,0.0,0.0,0.0,0.0,0.0,0.0,0.0,0.0,0.0,0.0,4.0,0.0,0.0,0.0,0.0,0.0,0.0,0.0,0.0,0.0,0.0,0.0,0.0,0.0,0.0,0.0,0.0,0.0,0.0,0.0,0.0,0.0,0.0,0.0,0.0
60.0,0.019048,0.002749,0.000007,80147176.0,94756840.0,12288.0,3477.0,146.0,1218.0,0.0,2842.0,6433.0,164.0,210501632.0,94670848.0,23842480.0,71.0,385.0,223.0,0.0,0.0,0.0,0.01,0.0,0.0,0.0,0.0,0.0,0.0,0.0,0.0,0.0,0.0,4.0,0.0,0.0,0.0,0.0,0.0,0.0,0.0,0.0,0.0,0.0,0.0,0.0,0.0,0.0,0.0,0.0,0.0,0.0,0.0,0.0,0.0,0.0,0.0,0.0
60.0,0.019047,0.004196,0.000006,80991792.0,94756840.0,12288.0,3709.0,146.0,1347.0,0.0,2964.0,6856.0,170.0,210501632.0,94670848.0,23871012.0,75.0,423.0,258.0,0.0,0.0,0.0,0.01,0.0,0.0,0.0,0.0,0.0,0.0,0.0,0.0,0.0,0.0,4.0,0.0,0.0,0.0,0.0,0.0,0.0,0.0,0.0,0.0,0.0,0.0,0.0,0.0,0.0,0.0,0.0,0.0,0.0,0.0,0.0,0.0,0.0,0.0,0.0
60.0,0.018911,0.002651,0.000005,80484104.0,94756840.0,12288.0,3525.0,146.0,1242.0,0.0,2844.0,7018.0,162.0,210501632.0,94670848.0,23931720.0,64.0,332.0,180.0,0.0,0.0,0.0,0.01,0.0,0.0,0.0,0.0,0.0,0.0,0.0,0.0,0.0,0.0,4.0,0.0,0.0,0.0,0.0,0.0,0.0,0.0,0.0,0.0,0.0,0.0,0.0,0.0,0.0,0.0,0.0,0.0,0.0,0.0,0.0,0.0,0.0,0.0,0.0
60.0,0.019105,0.003242,0.000003,80621520.0,94756840.0,12288.0,3566.0,146.0,1242.0,0.0,2913.0,6963.0,166.0,210501632.0,94670848.0,23902364.0,66.0,333.0,174.0,0.0,0.0,0.0,0.01,0.0,0.0,0.0,0.0,0.0,0.0,0.0,0.0,0.0,0.0,4.0,0.0,0.0,0.0,0.0,0.0,0.0,0.0,0.0,0.0,0.0,0.0,0.0,0.0,0.0,0.0,0.0,0.0,0.0,0.0,0.0,0.0,0.0,0.0,0.0
60.0,0.019225,0.003304,0.000006,80375648.0,94756840.0,12288.0,3530.0,146.0,1254.0,0.0,2866.0,6565.0,158.0,210501632.0,94670848.0,23869908.0,70.0,378.0,221.0,0.0,0.0,0.0,0.01,0.0,0.0,0.0,0.0,0.0,0.0,0.0,0.0,0.0,0.0,4.0,0.0,0.0,0.0,0.0,0.0,0.0,0.0,0.0,0.0,0.0,0.0,0.0,0.0,0.0,0.0,0.0,0.0,0.0,0.0,0.0,0.0,0.0,0.0,0.0
60.0,0.019435,0.002572,0.000003,80341872.0,94756840.0,12288.0,3503.0,146.0,1214.0,0.0,2881.0,6716.0,157.0,210501632.0,94670848.0,23872284.0,64.0,334.0,185.0,0.0,0.0,0.0,0.01,0.0,0.0,0.0,0.0,0.0,0.0,0.0,0.0,0.0,0.0,4.0,0.0,0.0,0.0,0.0,0.0,0.0,0.0,0.0,0.0,0.0,0.0,0.0,0.0,0.0,0.0,0.0,0.0,0.0,0.0,0.0,0.0,0.0,0.0,0.0
60.0,0.019018,0.00295,0.000004,80446144.0,94756840.0,12288.0,3535.0,146.0,1216.0,0.0,2925.0,6733.0,171.0,210501632.0,94670848.0,23862928.0,69.0,327.0,175.0,0.0,0.0,0.0,0.01,0.0,0.0,0.0,0.0,0.0,0.0,0.0,0.0,0.0,0.0,4.0,0.0,0.0,0.0,0.0,0.0,0.0,0.0,0.0,0.0,0.0,0.0,0.0,0.0,0.0,0.0,0.0,0.0,0.0,0.0,0.0,0.0,0.0,0.0,0.0
60.0,0.019516,0.002528,0.000003,80246592.0,94756840.0,12288.0,3495.0,146.0,1226.0,0.0,2868.0,6496.0,166.0,210501632.0,94670848.0,23847072.0,75.0,358.0,209.0,0.0,0.0,0.0,0.01,0.0,0.0,0.0,0.0,0.0,0.0,0.0,0.0,0.0,0.0,4.0,0.0,0.0,0.0,0.0,0.0,0.0,0.0,0.0,0.0,0.0,0.0,0.0,0.0,0.0,0.0,0.0,0.0,0.0,0.0,0.0,0.0,0.0,0.0,0.0
60.0,0.019069,0.002161,0.000013,80060304.0,94756840.0,12288.0,3424.0,146.0,1189.0,0.0,2831.0,6618.0,173.0,210501632.0,94670848.0,23872656.0,68.0,331.0,187.0,0.0,0.0,0.0,0.01,0.0,0.0,0.0,0.0,0.0,0.0,0.0,0.0,0.0,0.0,4.0,0.0,0.0,0.0,0.0,0.0,0.0,0.0,0.0,0.0,0.0,0.0,0.0,0.0,0.0,0.0,0.0,0.0,0.0,0.0,0.0,0.0,0.0,0.0,0.0
60.0,0.019122,0.002476,0.000004,81028328.0,94756840.0,12288.0,3692.0,146.0,1297.0,0.0,3020.0,7091.0,183.0,210501632.0,94670848.0,23888928.0,71.0,365.0,205.0,0.0,0.0,0.0,0.01,0.0,0.0,0.0,0.0,0.0,0.0,0.0,0.0,0.0,0.0,4.0,0.0,0.0,0.0,0.0,0.0,0.0,0.0,0.0,0.0,0.0,0.0,0.0,0.0,0.0,0.0,0.0,0.0,0.0,0.0,0.0,0.0,0.0,0.0,0.0
60.0,0.018913,0.00235,0.000003,80242040.0,94756840.0,12288.0,3503.0,146.0,1248.0,0.0,2866.0,6396.0,167.0,210501632.0,94670848.0,23831672.0,77.0,387.0,231.0,0.0,0.0,0.0,0.01,0.0,0.0,0.0,0.0,0.0,0.0,0.0,0.0,0.0,0.0,4.0,0.0,0.0,0.0,0.0,0.0,0.0,0.0,0.0,0.0,0.0,0.0,0.0,0.0,0.0,0.0,0.0,0.0,0.0,0.0,0.0,0.0,0.0,0.0,0.0
60.0,0.018736,0.002438,0.000003,80299616.0,94756840.0,12288.0,3499.0,146.0,1235.0,0.0,2860.0,6572.0,179.0,210501632.0,94670848.0,23873068.0,72.0,419.0,255.0,0.0,0.0,0.0,0.01,0.0,0.0,0.0,0.0,0.0,0.0,0.0,0.0,0.0,0.0,4.0,0.0,0.0,0.0,0.0,0.0,0.0,0.0,0.0,0.0,0.0,0.0,0.0,0.0,0.0,0.0,0.0,0.0,0.0,0.0,0.0,0.0,0.0,0.0,0.0
60.0,0.019049,0.002534,0.000003,80204656.0,94756840.0,12288.0,3465.0,146.0,1229.0,0.0,2800.0,6548.0,174.0,210501632.0,94670848.0,23871736.0,75.0,391.0,229.0,0.0,0.0,0.0,0.01,0.0,0.0,0.0,0.0,0.0,0.0,0.0,0.0,0.0,0.0,4.0,0.0,0.0,0.0,0.0,0.0,0.0,0.0,0.0,0.0,0.0,0.0,0.0,0.0,0.0,0.0,0.0,0.0,0.0,0.0,0.0,0.0,0.0,0.0,0.0
60.0,0.020026,0.002731,0.000004,81089184.0,94756840.0,12288.0,3694.0,146.0,1349.0,0.0,2960.0,7154.0,182.0,210501632.0,94670848.0,23917284.0,76.0,397.0,245.0,0.0,0.0,0.0,0.01,0.0,0.0,0.0,0.0,0.0,0.0,0.0,0.0,0.0,0.0,4.0,0.0,0.0,0.0,0.0,0.0,0.0,0.0,0.0,0.0,0.0,0.0,0.0,0.0,0.0,0.0,0.0,0.0,0.0,0.0,0.0,0.0,0.0,0.0,0.0
60.0,0.01676,0.002831,0.000003,81122960.0,94756840.0,12288.0,3683.0,146.0,1315.0,0.0,3014.0,7481.0,185.0,210501632.0,94670848.0,23950716.0,65.0,325.0,180.0,0.0,0.0,0.0,0.01,0.0,0.0,0.0,0.0,0.0,0.0,0.0,0.0,0.0,0.0,4.0,0.0,0.0,0.0,0.0,0.0,0.0,0.0,0.0,0.0,0.0,0.0,0.0,0.0,0.0,0.0,0.0,0.0,0.0,0.0,0.0,0.0,0.0,0.0,0.0
60.0,0.015813,0.002968,0.000006,79872544.0,94756840.0,12288.0,3397.0,146.0,1175.0,0.0,2805.0,6201.0,165.0,210501632.0,94670848.0,23814304.0,72.0,315.0,169.0,0.0,0.0,0.0,0.01,0.0,0.0,0.0,0.0,0.0,0.0,0.0,0.0,0.0,0.0,4.0,0.0,0.0,0.0,0.0,0.0,0.0,0.0,0.0,0.0,0.0,0.0,0.0,0.0,0.0,0.0,0.0,0.0,0.0,0.0,0.0,0.0,0.0,0.0,0.0
60.0,0.015809,0.002181,0.000003,80596400.0,94756840.0,12288.0,3579.0,146.0,1269.0,0.0,2901.0,6662.0,172.0,210501632.0,94670848.0,23859348.0,76.0,352.0,201.0,0.0,0.0,0.0,0.01,0.0,0.0,0.0,0.0,0.0,0.0,0.0,0.0,0.0,0.0,4.0,0.0,0.0,0.0,0.0,0.0,0.0,0.0,0.0,0.0,0.0,0.0,0.0,0.0,0.0,0.0,0.0,0.0,0.0,0.0,0.0,0.0,0.0,0.0,0.0
60.0,0.017213,0.002567,0.00001,81037184.0,94756840.0,12288.0,3677.0,146.0,1308.0,0.0,2998.0,7173.0,182.0,210501632.0,94670848.0,23910524.0,68.0,342.0,194.0,0.0,0.0,0.0,0.01,0.0,0.0,0.0,0.0,0.0,0.0,0.0,0.0,0.0,0.0,4.0,0.0,0.0,0.0,0.0,0.0,0.0,0.0,0.0,0.0,0.0,0.0,0.0,0.0,0.0,0.0,0.0,0.0,0.0,0.0,0.0,0.0,0.0,0.0,0.0
60.0,0.018849,0.003237,0.000005,80865608.0,94756840.0,12288.0,3629.0,146.0,1285.0,0.0,3008.0,7144.0,191.0,210501632.0,94670848.0,23901900.0,70.0,359.0,200.0,0.0,0.0,0.0,0.01,0.0,0.0,0.0,0.0,0.0,0.0,0.0,0.0,0.0,0.0,4.0,0.0,0.0,0.0,0.0,0.0,0.0,0.0,0.0,0.0,0.0,0.0,0.0,0.0,0.0,0.0,0.0,0.0,0.0,0.0,0.0,0.0,0.0,0.0,0.0
60.0,0.018673,0.002249,0.000003,80357200.0,94756840.0,12288.0,3510.0,146.0,1229.0,0.0,2880.0,6588.0,163.0,210501632.0,94670848.0,23858440.0,74.0,354.0,197.0,0.0,0.0,0.0,0.01,0.0,0.0,0.0,0.0,0.0,0.0,0.0,0.0,0.0,0.0,4.0,0.0,0.0,0.0,0.0,0.0,0.0,0.0,0.0,0.0,0.0,0.0,0.0,0.0,0.0,0.0,0.0,0.0,0.0,0.0,0.0,0.0,0.0,0.0,0.0
60.0,0.019087,0.002679,0.000003,80055664.0,94756840.0,12288.0,3414.0,146.0,1182.0,0.0,2816.0,6568.0,166.0,210501632.0,94670848.0,23870496.0,67.0,359.0,203.0,0.0,0.0,0.0,0.01,0.0,0.0,0.0,0.0,0.0,0.0,0.0,0.0,0.0,0.0,4.0,0.0,0.0,0.0,0.0,0.0,0.0,0.0,0.0,0.0,0.0,0.0,0.0,0.0,0.0,0.0,0.0,0.0,0.0,0.0,0.0,0.0,0.0,0.0,0.0
60.0,0.018914,0.002339,0.000006,80209504.0,94756840.0,12288.0,3459.0,146.0,1215.0,0.0,2879.0,6710.0,178.0,210501632.0,94670848.0,23872040.0,71.0,354.0,203.0,0.0,0.0,0.0,0.01,0.0,0.0,0.0,0.0,0.0,0.0,0.0,0.0,0.0,0.0,4.0,0.0,0.0,0.0,0.0,0.0,0.0,0.0,0.0,0.0,0.0,0.0,0.0,0.0,0.0,0.0,0.0,0.0,0.0,0.0,0.0,0.0,0.0,0.0,0.0
60.0,0.018024,0.00256,0.000003,80842608.0,94756840.0,12288.0,3614.0,146.0,1282.0,0.0,2970.0,7086.0,179.0,210501632.0,94670848.0,23903228.0,72.0,354.0,201.0,0.0,0.0,0.0,0.01,0.0,0.0,0.0,0.0,0.0,0.0,0.0,0.0,0.0,0.0,4.0,0.0,0.0,0.0,0.0,0.0,0.0,0.0,0.0,0.0,0.0,0.0,0.0,0.0,0.0,0.0,0.0,0.0,0.0,0.0,0.0,0.0,0.0,0.0,0.0
60.0,0.019152,0.002925,0.000003,80866248.0,94756840.0,12288.0,3647.0,146.0,1290.0,0.0,2992.0,6923.0,177.0,210501632.0,94670848.0,23873148.0,66.0,374.0,215.0,0.0,0.0,0.0,0.01,0.0,0.0,0.0,0.0,0.0,0.0,0.0,0.0,0.0,0.0,4.0,0.0,0.0,0.0,0.0,0.0,0.0,0.0,0.0,0.0,0.0,0.0,0.0,0.0,0.0,0.0,0.0,0.0,0.0,0.0,0.0,0.0,0.0,0.0,0.0
60.0,0.019005,0.002918,0.000004,80411176.0,94756840.0,12288.0,3507.0,146.0,1225.0,0.0,2884.0,6821.0,159.0,210501632.0,94670848.0,23887404.0,68.0,353.0,198.0,0.0,0.0,0.0,0.01,0.0,0.0,0.0,0.0,0.0,0.0,0.0,0.0,0.0,0.0,4.0,0.0,0.0,0.0,0.0,0.0,0.0,0.0,0.0,0.0,0.0,0.0,0.0,0.0,0.0,0.0,0.0,0.0,0.0,0.0,0.0,0.0,0.0,0.0,0.0
60.0,0.018748,0.00265,0.000004,81267800.0,94756840.0,12288.0,3695.0,146.0,1324.0,0.0,2977.0,7764.0,166.0,210501632.0,94670848.0,24006696.0,63.0,309.0,163.0,0.0,0.0,0.0,0.01,0.0,0.0,0.0,0.0,0.0,0.0,0.0,0.0,0.0,0.0,4.0,0.0,0.0,0.0,0.0,0.0,0.0,0.0,0.0,0.0,0.0,0.0,0.0,0.0,0.0,0.0,0.0,0.0,0.0,0.0,0.0,0.0,0.0,0.0,0.0
60.0,0.019057,0.003044,0.000002,80042624.0,94756840.0,12288.0,3417.0,146.0,1169.0,0.0,2866.0,6477.0,155.0,210501632.0,94670848.0,23855336.0,58.0,315.0,170.0,0.0,0.0,0.0,0.01,0.0,0.0,0.0,0.0,0.0,0.0,0.0,0.0,0.0,0.0,4.0,0.0,0.0,0.0,0.0,0.0,0.0,0.0,0.0,0.0,0.0,0.0,0.0,0.0,0.0,0.0,0.0,0.0,0.0,0.0,0.0,0.0,0.0,0.0,0.0
60.0,0.01904,0.00206,0.000003,80156176.0,94756840.0,12288.0,3429.0,146.0,1162.0,0.0,2880.0,6615.0,154.0,210501632.0,94670848.0,23871916.0,62.0,317.0,163.0,0.0,0.0,0.0,0.01,0.0,0.0,0.0,0.0,0.0,0.0,0.0,0.0,0.0,0.0,4.0,0.0,0.0,0.0,0.0,0.0,0.0,0.0,0.0,0.0,0.0,0.0,0.0,0.0,0.0,0.0,0.0,0.0,0.0,0.0,0.0,0.0,0.0,0.0,0.0
60.0,0.019011,0.002083,0.000003,80405680.0,94756840.0,12288.0,3488.0,146.0,1200.0,0.0,2900.0,6837.0,158.0,210501632.0,94670848.0,23885944.0,64.0,312.0,166.0,0.0,0.0,0.0,0.01,0.0,0.0,0.0,0.0,0.0,0.0,0.0,0.0,0.0,0.0,4.0,0.0,0.0,0.0,0.0,0.0,0.0,0.0,0.0,0.0,0.0,0.0,0.0,0.0,0.0,0.0,0.0,0.0,0.0,0.0,0.0,0.0,0.0,0.0,0.0
60.0,0.01904,0.002103,0.000006,80302800.0,94756840.0,12288.0,3477.0,146.0,1229.0,0.0,2854.0,6248.0,155.0,210501632.0,94670848.0,23808872.0,72.0,869.0,465.0,0.0,0.0,0.0,0.01,0.0,0.0,0.0,0.0,0.0,0.0,0.0,0.0,0.0,0.0,4.0,0.0,0.0,0.0,0.0,0.0,0.0,0.0,0.0,0.0,0.0,0.0,0.0,0.0,0.0,0.0,0.0,0.0,0.0,0.0,0.0,0.0,0.0,0.0,0.0
60.0,0.018828,0.002634,0.000004,79968120.0,94756840.0,12288.0,3367.0,146.0,1137.0,0.0,2835.0,6606.0,164.0,210501632.0,94670848.0,23870496.0,65.0,310.0,158.0,0.0,0.0,0.0,0.01,0.0,0.0,0.0,0.0,0.0,0.0,0.0,0.0,0.0,0.0,4.0,0.0,0.0,0.0,0.0,0.0,0.0,0.0,0.0,0.0,0.0,0.0,0.0,0.0,0.0,0.0,0.0,0.0,0.0,0.0,0.0,0.0,0.0,0.0,0.0
60.0,0.019194,0.002178,0.000003,80141856.0,94756840.0,12288.0,3424.0,146.0,1185.0,0.0,2804.0,6556.0,151.0,210501632.0,94670848.0,23871916.0,70.0,307.0,157.0,0.0,0.0,0.0,0.01,0.0,0.0,0.0,0.0,0.0,0.0,0.0,0.0,0.0,0.0,4.0,0.0,0.0,0.0,0.0,0.0,0.0,0.0,0.0,0.0,0.0,0.0,0.0,0.0,0.0,0.0,0.0,0.0,0.0,0.0,0.0,0.0,0.0,0.0,0.0
60.0,0.018091,0.002623,0.000003,80401352.0,94756840.0,12288.0,3506.0,146.0,1253.0,0.0,2855.0,6658.0,164.0,210501632.0,94670848.0,23875328.0,73.0,340.0,189.0,0.0,0.0,0.0,0.01,0.0,0.0,0.0,0.0,0.0,0.0,0.0,0.0,0.0,0.0,4.0,0.0,0.0,0.0,0.0,0.0,0.0,0.0,0.0,0.0,0.0,0.0,0.0,0.0,0.0,0.0,0.0,0.0,0.0,0.0,0.0,0.0,0.0,0.0,0.0
61.0,0.01955,0.002611,0.000003,80225752.0,94756840.0,12288.0,3452.0,146.0,1187.0,0.0,2887.0,6616.0,166.0,210501632.0,94670848.0,23855532.0,68.0,317.0,166.0,0.0,0.0,0.0,0.01,0.0,0.0,0.0,0.0,0.0,0.0,0.0,0.0,0.0,0.0,4.0,0.0,0.0,0.0,0.0,0.0,0.0,0.0,0.0,0.0,0.0,0.0,0.0,0.0,0.0,0.0,0.0,0.0,0.0,0.0,0.0,0.0,0.0,0.0,0.0
59.0,0.01913,0.002265,0.000003,80225760.0,94756840.0,12288.0,3453.0,146.0,1206.0,0.0,2852.0,6557.0,162.0,210501632.0,94670848.0,23856040.0,72.0,313.0,168.0,0.0,0.0,0.0,0.01,0.0,0.0,0.0,0.0,0.0,0.0,0.0,0.0,0.0,0.0,4.0,0.0,0.0,0.0,0.0,0.0,0.0,0.0,0.0,0.0,0.0,0.0,0.0,0.0,0.0,0.0,0.0,0.0,0.0,0.0,0.0,0.0,0.0,0.0,0.0
60.0,0.019152,0.002225,0.000003,80373184.0,94756840.0,12288.0,3502.0,146.0,1260.0,0.0,2823.0,6514.0,162.0,210501632.0,94670848.0,23858024.0,77.0,368.0,223.0,0.0,0.0,0.0,0.01,0.0,0.0,0.0,0.0,0.0,0.0,0.0,0.0,0.0,0.0,4.0,0.0,0.0,0.0,0.0,0.0,0.0,0.0,0.0,0.0,0.0,0.0,0.0,0.0,0.0,0.0,0.0,0.0,0.0,0.0,0.0,0.0,0.0,0.0,0.0
60.0,0.019222,0.002969,0.000016,80900912.0,94756840.0,12288.0,3620.0,146.0,1273.0,0.0,2981.0,7006.0,178.0,210501632.0,94670848.0,23888072.0,69.0,367.0,205.0,0.0,0.0,0.0,0.01,0.0,0.0,0.0,0.0,0.0,0.0,0.0,0.0,0.0,0.0,4.0,0.0,0.0,0.0,0.0,0.0,0.0,0.0,0.0,0.0,0.0,0.0,0.0,0.0,0.0,0.0,0.0,0.0,0.0,0.0,0.0,0.0,0.0,0.0,0.0
60.0,0.017471,0.002513,0.000004,80717720.0,94756840.0,12288.0,3586.0,146.0,1279.0,0.0,2937.0,6833.0,167.0,210501632.0,94670848.0,23873464.0,73.0,349.0,194.0,0.0,0.0,0.0,0.01,0.0,0.0,0.0,0.0,0.0,0.0,0.0,0.0,0.0,0.0,4.0,0.0,0.0,0.0,0.0,0.0,0.0,0.0,0.0,0.0,0.0,0.0,0.0,0.0,0.0,0.0,0.0,0.0,0.0,0.0,0.0,0.0,0.0,0.0,0.0
60.0,0.018939,0.002622,0.000003,80019456.0,94756840.0,12288.0,3405.0,146.0,1227.0,0.0,2760.0,6290.0,167.0,210501632.0,94670848.0,23842364.0,78.0,385.0,229.0,0.0,0.0,0.0,0.01,0.0,0.0,0.0,0.0,0.0,0.0,0.0,0.0,0.0,0.0,4.0,0.0,0.0,0.0,0.0,0.0,0.0,0.0,0.0,0.0,0.0,0.0,0.0,0.0,0.0,0.0,0.0,0.0,0.0,0.0,0.0,0.0,0.0,0.0,0.0
60.0,0.019126,0.002675,0.000008,80288160.0,94756840.0,12288.0,3463.0,146.0,1251.0,0.0,2843.0,6645.0,184.0,210501632.0,94670848.0,23876880.0,72.0,354.0,202.0,0.0,0.0,0.0,0.01,0.0,0.0,0.0,0.0,0.0,0.0,0.0,0.0,0.0,0.0,4.0,0.0,0.0,0.0,0.0,0.0,0.0,0.0,0.0,0.0,0.0,0.0,0.0,0.0,0.0,0.0,0.0,0.0,0.0,0.0,0.0,0.0,0.0,0.0,0.0
60.0,0.017993,0.002234,0.000003,81069136.0,94756840.0,12288.0,3685.0,146.0,1348.0,0.0,2940.0,6946.0,185.0,210501632.0,94670848.0,23893236.0,74.0,381.0,224.0,0.0,0.0,0.0,0.01,0.0,0.0,0.0,0.0,0.0,0.0,0.0,0.0,0.0,0.0,4.0,0.0,0.0,0.0,0.0,0.0,0.0,0.0,0.0,0.0,0.0,0.0,0.0,0.0,0.0,0.0,0.0,0.0,0.0,0.0,0.0,0.0,0.0,0.0,0.0
60.0,0.019095,0.002845,0.000006,80691264.0,94756840.0,12288.0,3589.0,146.0,1327.0,0.0,2884.0,6630.0,179.0,210501632.0,94670848.0,23861628.0,79.0,390.0,235.0,0.0,0.0,0.0,0.01,0.0,0.0,0.0,0.0,0.0,0.0,0.0,0.0,0.0,0.0,4.0,0.0,0.0,0.0,0.0,0.0,0.0,0.0,0.0,0.0,0.0,0.0,0.0,0.0,0.0,0.0,0.0,0.0,0.0,0.0,0.0,0.0,0.0,0.0,0.0
60.0,0.018817,0.002587,0.000003,80933632.0,94756840.0,12288.0,3659.0,146.0,1336.0,0.0,2945.0,6667.0,178.0,210501632.0,94670848.0,23847820.0,74.0,394.0,234.0,0.0,0.0,0.0,0.01,0.0,0.0,0.0,0.0,0.0,0.0,0.0,0.0,0.0,0.0,4.0,0.0,0.0,0.0,0.0,0.0,0.0,0.0,0.0,0.0,0.0,0.0,0.0,0.0,0.0,0.0,0.0,0.0,0.0,0.0,0.0,0.0,0.0,0.0,0.0
60.0,0.018855,0.002421,0.000003,81380952.0,94756840.0,12288.0,3748.0,146.0,1371.0,0.0,2991.0,7216.0,179.0,210501632.0,94670848.0,23917328.0,76.0,363.0,205.0,0.0,0.0,0.0,0.01,0.0,0.0,0.0,0.0,0.0,0.0,0.0,0.0,0.0,0.0,4.0,0.0,0.0,0.0,0.0,0.0,0.0,0.0,0.0,0.0,0.0,0.0,0.0,0.0,0.0,0.0,0.0,0.0,0.0,0.0,0.0,0.0,0.0,0.0,0.0
60.0,0.018068,0.002898,0.000003,81231856.0,94756840.0,12288.0,3675.0,146.0,1352.0,0.0,2956.0,7560.0,180.0,210501632.0,94670848.0,23979648.0,72.0,328.0,179.0,0.0,0.0,0.0,0.01,0.0,0.0,0.0,0.0,0.0,0.0,0.0,0.0,0.0,0.0,4.0,0.0,0.0,0.0,0.0,0.0,0.0,0.0,0.0,0.0,0.0,0.0,0.0,0.0,0.0,0.0,0.0,0.0,0.0,0.0,0.0,0.0,0.0,0.0,0.0
60.0,0.017992,0.002914,0.000003,80396704.0,94756840.0,12288.0,3503.0,146.0,1244.0,0.0,2879.0,6418.0,166.0,210501632.0,94670848.0,23826152.0,70.0,355.0,205.0,0.0,0.0,0.0,0.01,0.0,0.0,0.0,0.0,0.0,0.0,0.0,0.0,0.0,0.0,4.0,0.0,0.0,0.0,0.0,0.0,0.0,0.0,0.0,0.0,0.0,0.0,0.0,0.0,0.0,0.0,0.0,0.0,0.0,0.0,0.0,0.0,0.0,0.0,0.0
60.0,0.019261,0.002428,0.000004,81264384.0,94756840.0,12288.0,3696.0,146.0,1315.0,0.0,3014.0,7268.0,181.0,210501632.0,94670848.0,23918460.0,71.0,347.0,190.0,0.0,0.0,0.0,0.01,0.0,0.0,0.0,0.0,0.0,0.0,0.0,0.0,0.0,0.0,4.0,0.0,0.0,0.0,0.0,0.0,0.0,0.0,0.0,0.0,0.0,0.0,0.0,0.0,0.0,0.0,0.0,0.0,0.0,0.0,0.0,0.0,0.0,0.0,0.0
60.0,0.018901,0.002528,0.000004,81026264.0,94756840.0,12288.0,3679.0,146.0,1331.0,0.0,2949.0,6648.0,165.0,210501632.0,94670848.0,23841852.0,76.0,371.0,212.0,0.0,0.0,0.0,0.01,0.0,0.0,0.0,0.0,0.0,0.0,0.0,0.0,0.0,0.0,4.0,0.0,0.0,0.0,0.0,0.0,0.0,0.0,0.0,0.0,0.0,0.0,0.0,0.0,0.0,0.0,0.0,0.0,0.0,0.0,0.0,0.0,0.0,0.0,0.0
60.0,0.018948,0.002514,0.000004,80752992.0,94756840.0,12288.0,3576.0,146.0,1278.0,0.0,2881.0,6828.0,166.0,210501632.0,94670848.0,23889368.0,68.0,343.0,197.0,0.0,0.0,0.0,0.01,0.0,0.0,0.0,0.0,0.0,0.0,0.0,0.0,0.0,0.0,4.0,0.0,0.0,0.0,0.0,0.0,0.0,0.0,0.0,0.0,0.0,0.0,0.0,0.0,0.0,0.0,0.0,0.0,0.0,0.0,0.0,0.0,0.0,0.0,0.0
60.0,0.019187,0.002584,0.000006,80715056.0,94756840.0,12288.0,3563.0,146.0,1268.0,0.0,2868.0,6713.0,169.0,210501632.0,94670848.0,23874320.0,72.0,314.0,169.0,0.0,0.0,0.0,0.01,0.0,0.0,0.0,0.0,0.0,0.0,0.0,0.0,0.0,0.0,4.0,0.0,0.0,0.0,0.0,0.0,0.0,0.0,0.0,0.0,0.0,0.0,0.0,0.0,0.0,0.0,0.0,0.0,0.0,0.0,0.0,0.0,0.0,0.0,0.0
60.0,0.019187,0.003145,0.000004,80722928.0,94756840.0,12288.0,3566.0,146.0,1285.0,0.0,2870.0,6691.0,169.0,210501632.0,94670848.0,23872220.0,75.0,336.0,186.0,0.0,0.0,0.0,0.01,0.0,0.0,0.0,0.0,0.0,0.0,0.0,0.0,0.0,0.0,4.0,0.0,0.0,0.0,0.0,0.0,0.0,0.0,0.0,0.0,0.0,0.0,0.0,0.0,0.0,0.0,0.0,0.0,0.0,0.0,0.0,0.0,0.0,0.0,0.0
60.0,0.018902,0.00266,0.000005,80541600.0,94756840.0,12288.0,3521.0,146.0,1269.0,0.0,2870.0,6596.0,177.0,210501632.0,94670848.0,23861428.0,70.0,382.0,227.0,0.0,0.0,0.0,0.01,0.0,0.0,0.0,0.0,0.0,0.0,0.0,0.0,0.0,0.0,4.0,0.0,0.0,0.0,0.0,0.0,0.0,0.0,0.0,0.0,0.0,0.0,0.0,0.0,0.0,0.0,0.0,0.0,0.0,0.0,0.0,0.0,0.0,0.0,0.0
61.0,0.019008,0.002709,0.000007,81114832.0,94756840.0,12288.0,3679.0,146.0,1316.0,0.0,2980.0,7092.0,177.0,210501632.0,94670848.0,23902060.0,71.0,359.0,203.0,0.0,0.0,0.0,0.01,0.0,0.0,0.0,0.0,0.0,0.0,0.0,0.0,0.0,0.0,4.0,0.0,0.0,0.0,0.0,0.0,0.0,0.0,0.0,0.0,0.0,0.0,0.0,0.0,0.0,0.0,0.0,0.0,0.0,0.0,0.0,0.0,0.0,0.0,0.0
59.0,0.018194,0.002591,0.000011,81084216.0,94756840.0,12288.0,3661.0,146.0,1344.0,0.0,2970.0,7078.0,175.0,210501632.0,94670848.0,23902468.0,73.0,358.0,206.0,0.0,0.0,0.0,0.01,0.0,0.0,0.0,0.0,0.0,0.0,0.0,0.0,0.0,0.0,4.0,0.0,0.0,0.0,0.0,0.0,0.0,0.0,0.0,0.0,0.0,0.0,0.0,0.0,0.0,0.0,0.0,0.0,0.0,0.0,0.0,0.0,0.0,0.0,0.0
60.0,0.016059,0.002295,0.000003,81449824.0,94756840.0,12288.0,3770.0,146.0,1365.0,0.0,3024.0,7164.0,165.0,210501632.0,94670848.0,23899876.0,64.0,373.0,217.0,0.0,0.0,0.0,0.01,0.0,0.0,0.0,0.0,0.0,0.0,0.0,0.0,0.0,0.0,4.0,0.0,0.0,0.0,0.0,0.0,0.0,0.0,0.0,0.0,0.0,0.0,0.0,0.0,0.0,0.0,0.0,0.0,0.0,0.0,0.0,0.0,0.0,0.0,0.0
60.0,0.016101,0.002422,0.000003,80773184.0,94756840.0,12288.0,3595.0,146.0,1292.0,0.0,2906.0,6935.0,166.0,210501632.0,94670848.0,23899920.0,66.0,316.0,163.0,0.0,0.0,0.0,0.01,0.0,0.0,0.0,0.0,0.0,0.0,0.0,0.0,0.0,0.0,4.0,0.0,0.0,0.0,0.0,0.0,0.0,0.0,0.0,0.0,0.0,0.0,0.0,0.0,0.0,0.0,0.0,0.0,0.0,0.0,0.0,0.0,0.0,0.0,0.0
60.0,0.016226,0.00237,0.000003,80397008.0,94756840.0,12288.0,3509.0,146.0,1276.0,0.0,2808.0,6346.0,148.0,210501632.0,94670848.0,23839348.0,71.0,320.0,173.0,0.0,0.0,0.0,0.01,0.0,0.0,0.0,0.0,0.0,0.0,0.0,0.0,0.0,0.0,4.0,0.0,0.0,0.0,0.0,0.0,0.0,0.0,0.0,0.0,0.0,0.0,0.0,0.0,0.0,0.0,0.0,0.0,0.0,0.0,0.0,0.0,0.0,0.0,0.0
60.0,0.016253,0.002243,0.000003,80336944.0,94756840.0,12288.0,3471.0,146.0,1252.0,0.0,2830.0,6590.0,167.0,210501632.0,94670848.0,23869556.0,65.0,328.0,184.0,0.0,0.0,0.0,0.01,0.0,0.0,0.0,0.0,0.0,0.0,0.0,0.0,0.0,0.0,4.0,0.0,0.0,0.0,0.0,0.0,0.0,0.0,0.0,0.0,0.0,0.0,0.0,0.0,0.0,0.0,0.0,0.0,0.0,0.0,0.0,0.0,0.0,0.0,0.0
60.0,0.016175,0.002746,0.000003,80571776.0,94756840.0,12288.0,3566.0,146.0,1289.0,0.0,2884.0,6323.0,163.0,210501632.0,94670848.0,23811116.0,72.0,327.0,183.0,0.0,0.0,0.0,0.01,0.0,0.0,0.0,0.0,0.0,0.0,0.0,0.0,0.0,0.0,4.0,0.0,0.0,0.0,0.0,0.0,0.0,0.0,0.0,0.0,0.0,0.0,0.0,0.0,0.0,0.0,0.0,0.0,0.0,0.0,0.0,0.0,0.0,0.0,0.0
60.0,0.018752,0.002092,0.000003,80968880.0,94756840.0,12288.0,3663.0,146.0,1353.0,0.0,2908.0,6656.0,168.0,210501632.0,94670848.0,23855596.0,77.0,342.0,187.0,0.0,0.0,0.0,0.01,0.0,0.0,0.0,0.0,0.0,0.0,0.0,0.0,0.0,0.0,4.0,0.0,0.0,0.0,0.0,0.0,0.0,0.0,0.0,0.0,0.0,0.0,0.0,0.0,0.0,0.0,0.0,0.0,0.0,0.0,0.0,0.0,0.0,0.0,0.0
61.0,0.019188,0.002952,0.000005,81179072.0,94756840.0,12288.0,3716.0,146.0,1367.0,0.0,2988.0,6849.0,177.0,210501632.0,94670848.0,23873728.0,70.0,396.0,236.0,0.0,0.0,0.0,0.01,0.0,0.0,0.0,0.0,0.0,0.0,0.0,0.0,0.0,0.0,4.0,0.0,0.0,0.0,0.0,0.0,0.0,0.0,0.0,0.0,0.0,0.0,0.0,0.0,0.0,0.0,0.0,0.0,0.0,0.0,0.0,0.0,0.0,0.0,0.0
59.0,0.018855,0.002984,0.000005,81267696.0,94756840.0,12288.0,3699.0,146.0,1365.0,0.0,2950.0,7336.0,177.0,210501632.0,94670848.0,23948260.0,70.0,340.0,182.0,0.0,0.0,0.0,0.01,0.0,0.0,0.0,0.0,0.0,0.0,0.0,0.0,0.0,0.0,4.0,0.0,0.0,0.0,0.0,0.0,0.0,0.0,0.0,0.0,0.0,0.0,0.0,0.0,0.0,0.0,0.0,0.0,0.0,0.0,0.0,0.0,0.0,0.0,0.0
61.0,0.018549,0.002458,0.000003,81274704.0,94756840.0,12288.0,3750.0,146.0,1381.0,0.0,2981.0,6815.0,171.0,210501632.0,94670848.0,23858232.0,74.0,367.0,200.0,0.0,0.0,0.0,0.01,0.0,0.0,0.0,0.0,0.0,0.0,0.0,0.0,0.0,0.0,4.0,0.0,0.0,0.0,0.0,0.0,0.0,0.0,0.0,0.0,0.0,0.0,0.0,0.0,0.0,0.0,0.0,0.0,0.0,0.0,0.0,0.0,0.0,0.0,0.0
59.0,0.019002,0.002277,0.000003,80683920.0,94756840.0,12288.0,3570.0,146.0,1296.0,0.0,2871.0,6624.0,168.0,210501632.0,94670848.0,23865060.0,69.0,379.0,226.0,0.0,0.0,0.0,0.01,0.0,0.0,0.0,0.0,0.0,0.0,0.0,0.0,0.0,0.0,4.0,0.0,0.0,0.0,0.0,0.0,0.0,0.0,0.0,0.0,0.0,0.0,0.0,0.0,0.0,0.0,0.0,0.0,0.0,0.0,0.0,0.0,0.0,0.0,0.0
60.0,0.018774,0.00268,0.000004,80910272.0,94756840.0,12288.0,3646.0,146.0,1332.0,0.0,2930.0,6702.0,181.0,210501632.0,94670848.0,23856556.0,73.0,375.0,212.0,0.0,0.0,0.0,0.01,0.0,0.0,0.0,0.0,0.0,0.0,0.0,0.0,0.0,0.0,4.0,0.0,0.0,0.0,0.0,0.0,0.0,0.0,0.0,0.0,0.0,0.0,0.0,0.0,0.0,0.0,0.0,0.0,0.0,0.0,0.0,0.0,0.0,0.0,0.0
60.0,0.01843,0.002503,0.000003,80976200.0,94756840.0,12288.0,3645.0,146.0,1345.0,0.0,2903.0,6854.0,175.0,210501632.0,94670848.0,23887900.0,76.0,376.0,210.0,0.0,0.0,0.0,0.01,0.0,0.0,0.0,0.0,0.0,0.0,0.0,0.0,0.0,0.0,4.0,0.0,0.0,0.0,0.0,0.0,0.0,0.0,0.0,0.0,0.0,0.0,0.0,0.0,0.0,0.0,0.0,0.0,0.0,0.0,0.0,0.0,0.0,0.0,0.0
60.0,0.019074,0.002947,0.000003,80952528.0,94756840.0,12288.0,3651.0,146.0,1338.0,0.0,2952.0,6649.0,185.0,210501632.0,94670848.0,23843416.0,71.0,422.0,254.0,0.0,0.0,0.0,0.01,0.0,0.0,0.0,0.0,0.0,0.0,0.0,0.0,0.0,0.0,4.0,0.0,0.0,0.0,0.0,0.0,0.0,0.0,0.0,0.0,0.0,0.0,0.0,0.0,0.0,0.0,0.0,0.0,0.0,0.0,0.0,0.0,0.0,0.0,0.0
60.0,0.018845,0.002998,0.000003,81270280.0,94756840.0,12288.0,3723.0,146.0,1399.0,0.0,2986.0,7135.0,192.0,210501632.0,94670848.0,23909720.0,74.0,365.0,207.0,0.0,0.0,0.0,0.01,0.0,0.0,0.0,0.0,0.0,0.0,0.0,0.0,0.0,0.0,4.0,0.0,0.0,0.0,0.0,0.0,0.0,0.0,0.0,0.0,0.0,0.0,0.0,0.0,0.0,0.0,0.0,0.0,0.0,0.0,0.0,0.0,0.0,0.0,0.0
61.0,0.018793,0.003788,0.000003,81506480.0,94756840.0,12288.0,3775.0,146.0,1412.0,0.0,2981.0,7430.0,168.0,210501632.0,94670848.0,23953216.0,72.0,356.0,204.0,0.0,0.0,0.0,0.01,0.0,0.0,0.0,0.0,0.0,0.0,0.0,0.0,0.0,0.0,4.0,0.0,0.0,0.0,0.0,0.0,0.0,0.0,0.0,0.0,0.0,0.0,0.0,0.0,0.0,0.0,0.0,0.0,0.0,0.0,0.0,0.0,0.0,0.0,0.0
59.0,0.018883,0.002644,0.000006,81318752.0,94756840.0,12288.0,3706.0,146.0,1359.0,0.0,3036.0,7495.0,186.0,210501632.0,94670848.0,23952232.0,61.0,361.0,200.0,0.0,0.0,0.0,0.01,0.0,0.0,0.0,0.0,0.0,0.0,0.0,0.0,0.0,0.0,4.0,0.0,0.0,0.0,0.0,0.0,0.0,0.0,0.0,0.0,0.0,0.0,0.0,0.0,0.0,0.0,0.0,0.0,0.0,0.0,0.0,0.0,0.0,0.0,0.0
60.0,0.019248,0.002766,0.000006,80489376.0,94756840.0,12288.0,3544.0,146.0,1302.0,0.0,2845.0,6329.0,156.0,210501632.0,94670848.0,23824424.0,67.0,390.0,226.0,0.0,0.0,0.0,0.01,0.0,0.0,0.0,0.0,0.0,0.0,0.0,0.0,0.0,0.0,4.0,0.0,0.0,0.0,0.0,0.0,0.0,0.0,0.0,0.0,0.0,0.0,0.0,0.0,0.0,0.0,0.0,0.0,0.0,0.0,0.0,0.0,0.0,0.0,0.0
60.0,0.018576,0.0026,0.000003,80838544.0,94756840.0,12288.0,3600.0,146.0,1318.0,0.0,2899.0,6912.0,158.0,210501632.0,94670848.0,23900092.0,70.0,360.0,194.0,0.0,0.0,0.0,0.01,0.0,0.0,0.0,0.0,0.0,0.0,0.0,0.0,0.0,0.0,4.0,0.0,0.0,0.0,0.0,0.0,0.0,0.0,0.0,0.0,0.0,0.0,0.0,0.0,0.0,0.0,0.0,0.0,0.0,0.0,0.0,0.0,0.0,0.0,0.0
60.0,0.017777,0.002689,0.000003,80690352.0,94756840.0,12288.0,3571.0,146.0,1295.0,0.0,2908.0,6652.0,165.0,210501632.0,94670848.0,23856440.0,64.0,373.0,210.0,0.0,0.0,0.0,0.01,0.0,0.0,0.0,0.0,0.0,0.0,0.0,0.0,0.0,0.0,4.0,0.0,0.0,0.0,0.0,0.0,0.0,0.0,0.0,0.0,0.0,0.0,0.0,0.0,0.0,0.0,0.0,0.0,0.0,0.0,0.0,0.0,0.0,0.0,0.0
60.0,0.023547,0.003892,0.000014,80937616.0,94756840.0,12288.0,3669.0,146.0,1354.0,0.0,2922.0,6493.0,168.0,210501632.0,94670848.0,23827620.0,71.0,374.0,214.0,0.0,0.0,0.0,0.01,0.0,0.0,0.0,0.0,0.0,0.0,0.0,0.0,0.0,0.0,4.0,0.0,0.0,0.0,0.0,0.0,0.0,0.0,0.0,0.0,0.0,0.0,0.0,0.0,0.0,0.0,0.0,0.0,0.0,0.0,0.0,0.0,0.0,0.0,0.0
61.0,0.015771,0.002783,0.000004,81549824.0,94756840.0,12288.0,3783.0,146.0,1413.0,0.0,2969.0,7364.0,165.0,210501632.0,94670848.0,23947168.0,70.0,350.0,194.0,0.0,0.0,0.0,0.01,0.0,0.0,0.0,0.0,0.0,0.0,0.0,0.0,0.0,0.0,4.0,0.0,0.0,0.0,0.0,0.0,0.0,0.0,0.0,0.0,0.0,0.0,0.0,0.0,0.0,0.0,0.0,0.0,0.0,0.0,0.0,0.0,0.0,0.0,0.0
60.0,0.015691,0.004682,0.000003,80545600.0,94756840.0,12288.0,3550.0,146.0,1293.0,0.0,2882.0,6399.0,165.0,210501632.0,94670848.0,23825468.0,67.0,440.0,262.0,0.0,0.0,0.0,0.01,0.0,0.0,0.0,0.0,0.0,0.0,0.0,0.0,0.0,0.0,4.0,0.0,0.0,0.0,0.0,0.0,0.0,0.0,0.0,0.0,0.0,0.0,0.0,0.0,0.0,0.0,0.0,0.0,0.0,0.0,0.0,0.0,0.0,0.0,0.0
60.0,0.015889,0.003551,0.000003,81268584.0,94756840.0,12288.0,3706.0,146.0,1374.0,0.0,3003.0,7223.0,181.0,210501632.0,94670848.0,23917384.0,67.0,411.0,241.0,0.0,0.0,0.0,0.01,0.0,0.0,0.0,0.0,0.0,0.0,0.0,0.0,0.0,0.0,4.0,0.0,0.0,0.0,0.0,0.0,0.0,0.0,0.0,0.0,0.0,0.0,0.0,0.0,0.0,0.0,0.0,0.0,0.0,0.0,0.0,0.0,0.0,0.0,0.0
60.0,0.015696,0.003468,0.000003,81528096.0,94756840.0,12288.0,3781.0,146.0,1397.0,0.0,3000.0,7237.0,163.0,210501632.0,94670848.0,23919260.0,68.0,336.0,181.0,0.0,0.0,0.0,0.01,0.0,0.0,0.0,0.0,0.0,0.0,0.0,0.0,0.0,0.0,4.0,0.0,0.0,0.0,0.0,0.0,0.0,0.0,0.0,0.0,0.0,0.0,0.0,0.0,0.0,0.0,0.0,0.0,0.0,0.0,0.0,0.0,0.0,0.0,0.0
60.0,0.016031,0.002894,0.000003,81187040.0,94756840.0,12288.0,3676.0,146.0,1335.0,0.0,2967.0,7148.0,158.0,210501632.0,94670848.0,23915380.0,58.0,340.0,183.0,0.0,0.0,0.0,0.01,0.0,0.0,0.0,0.0,0.0,0.0,0.0,0.0,0.0,0.0,4.0,0.0,0.0,0.0,0.0,0.0,0.0,0.0,0.0,0.0,0.0,0.0,0.0,0.0,0.0,0.0,0.0,0.0,0.0,0.0,0.0,0.0,0.0,0.0,0.0
60.0,0.017234,0.002932,0.000003,80862616.0,94756840.0,12288.0,3606.0,146.0,1316.0,0.0,2934.0,6866.0,162.0,210501632.0,94670848.0,23883488.0,62.0,368.0,201.0,0.0,0.0,0.0,0.01,0.0,0.0,0.0,0.0,0.0,0.0,0.0,0.0,0.0,0.0,4.0,0.0,0.0,0.0,0.0,0.0,0.0,0.0,0.0,0.0,0.0,0.0,0.0,0.0,0.0,0.0,0.0,0.0,0.0,0.0,0.0,0.0,0.0,0.0,0.0
60.0,0.016222,0.002524,0.000144,80620984.0,94756840.0,12288.0,3540.0,146.0,1271.0,0.0,2863.0,6644.0,145.0,210501632.0,94670848.0,23869464.0,65.0,352.0,189.0,0.0,0.0,0.0,0.01,0.0,0.0,0.0,0.0,0.0,0.0,0.0,0.0,0.0,0.0,4.0,0.0,0.0,0.0,0.0,0.0,0.0,0.0,0.0,0.0,0.0,0.0,0.0,0.0,0.0,0.0,0.0,0.0,0.0,0.0,0.0,0.0,0.0,0.0,0.0
59.0,0.016938,0.003022,0.000003,80211632.0,94756840.0,12288.0,3411.0,146.0,1211.0,0.0,2809.0,6644.0,147.0,210501632.0,94670848.0,23885196.0,58.0,320.0,165.0,0.0,0.0,0.0,0.01,0.0,0.0,0.0,0.0,0.0,0.0,0.0,0.0,0.0,0.0,4.0,0.0,0.0,0.0,0.0,0.0,0.0,0.0,0.0,0.0,0.0,0.0,0.0,0.0,0.0,0.0,0.0,0.0,0.0,0.0,0.0,0.0,0.0,0.0,0.0
61.0,0.016153,0.002694,0.000003,80374904.0,94756840.0,12288.0,3466.0,146.0,1247.0,0.0,2844.0,6711.0,154.0,210501632.0,94670848.0,23903528.0,59.0,332.0,178.0,0.0,0.0,0.0,0.01,0.0,0.0,0.0,0.0,0.0,0.0,0.0,0.0,0.0,0.0,4.0,0.0,0.0,0.0,0.0,0.0,0.0,0.0,0.0,0.0,0.0,0.0,0.0,0.0,0.0,0.0,0.0,0.0,0.0,0.0,0.0,0.0,0.0,0.0,0.0
60.0,0.015947,0.004625,0.000014,80469056.0,94756840.0,12288.0,3506.0,146.0,1268.0,0.0,2821.0,6505.0,140.0,210501632.0,94670848.0,23857172.0,64.0,292.0,154.0,0.0,0.0,0.0,0.01,0.0,0.0,0.0,0.0,0.0,0.0,0.0,0.0,0.0,0.0,4.0,0.0,0.0,0.0,0.0,0.0,0.0,0.0,0.0,0.0,0.0,0.0,0.0,0.0,0.0,0.0,0.0,0.0,0.0,0.0,0.0,0.0,0.0,0.0,0.0
60.0,0.015978,0.003322,0.000004,80552352.0,94756840.0,12288.0,3534.0,146.0,1262.0,0.0,2880.0,6401.0,155.0,210501632.0,94670848.0,23824840.0,60.0,334.0,186.0,0.0,0.0,0.0,0.01,0.0,0.0,0.0,0.0,0.0,0.0,0.0,0.0,0.0,0.0,4.0,0.0,0.0,0.0,0.0,0.0,0.0,0.0,0.0,0.0,0.0,0.0,0.0,0.0,0.0,0.0,0.0,0.0,0.0,0.0,0.0,0.0,0.0,0.0,0.0
60.0,0.015972,0.003331,0.000003,80378608.0,94756840.0,12288.0,3493.0,146.0,1278.0,0.0,2804.0,6270.0,148.0,210501632.0,94670848.0,23826748.0,67.0,360.0,208.0,0.0,0.0,0.0,0.01,0.0,0.0,0.0,0.0,0.0,0.0,0.0,0.0,0.0,0.0,4.0,0.0,0.0,0.0,0.0,0.0,0.0,0.0,0.0,0.0,0.0,0.0,0.0,0.0,0.0,0.0,0.0,0.0,0.0,0.0,0.0,0.0,0.0,0.0,0.0
60.0,0.015781,0.002982,0.000003,80876288.0,94756840.0,12288.0,3612.0,146.0,1336.0,0.0,2878.0,6800.0,157.0,210501632.0,94670848.0,23886700.0,69.0,310.0,170.0,0.0,0.0,0.0,0.01,0.0,0.0,0.0,0.0,0.0,0.0,0.0,0.0,0.0,0.0,4.0,0.0,0.0,0.0,0.0,0.0,0.0,0.0,0.0,0.0,0.0,0.0,0.0,0.0,0.0,0.0,0.0,0.0,0.0,0.0,0.0,0.0,0.0,0.0,0.0
59.0,0.015872,0.003163,0.000014,80676800.0,94756840.0,12288.0,3546.0,146.0,1284.0,0.0,2898.0,6826.0,164.0,210501632.0,94670848.0,23884916.0,62.0,341.0,186.0,0.0,0.0,0.0,0.01,0.0,0.0,0.0,0.0,0.0,0.0,0.0,0.0,0.0,0.0,4.0,0.0,0.0,0.0,0.0,0.0,0.0,0.0,0.0,0.0,0.0,0.0,0.0,0.0,0.0,0.0,0.0,0.0,0.0,0.0,0.0,0.0,0.0,0.0,0.0
61.0,0.0161,0.002717,0.000003,80500016.0,94756840.0,12288.0,3528.0,146.0,1289.0,0.0,2874.0,6495.0,169.0,210501632.0,94670848.0,23840876.0,67.0,354.0,205.0,0.0,0.0,0.0,0.01,0.0,0.0,0.0,0.0,0.0,0.0,0.0,0.0,0.0,0.0,4.0,0.0,0.0,0.0,0.0,0.0,0.0,0.0,0.0,0.0,0.0,0.0,0.0,0.0,0.0,0.0,0.0,0.0,0.0,0.0,0.0,0.0,0.0,0.0,0.0
60.0,0.016101,0.002824,0.000003,81391144.0,94756840.0,12288.0,3769.0,146.0,1385.0,0.0,2998.0,7024.0,164.0,210501632.0,94670848.0,23885612.0,70.0,345.0,190.0,0.0,0.0,0.0,0.01,0.0,0.0,0.0,0.0,0.0,0.0,0.0,0.0,0.0,0.0,4.0,0.0,0.0,0.0,0.0,0.0,0.0,0.0,0.0,0.0,0.0,0.0,0.0,0.0,0.0,0.0,0.0,0.0,0.0,0.0,0.0,0.0,0.0,0.0,0.0
60.0,0.015552,0.002493,0.000005,81156528.0,94756840.0,12288.0,3703.0,146.0,1355.0,0.0,3050.0,6777.0,173.0,210501632.0,94670848.0,23826064.0,67.0,337.0,181.0,0.0,0.0,0.0,0.01,0.0,0.0,0.0,0.0,0.0,0.0,0.0,0.0,0.0,0.0,4.0,0.0,0.0,0.0,0.0,0.0,0.0,0.0,0.0,0.0,0.0,0.0,0.0,0.0,0.0,0.0,0.0,0.0,0.0,0.0,0.0,0.0,0.0,0.0,0.0
60.0,0.016985,0.003045,0.000003,80983488.0,94756840.0,12288.0,3688.0,146.0,1347.0,0.0,3046.0,6377.0,167.0,210501632.0,94670848.0,23764640.0,67.0,337.0,181.0,0.0,0.0,0.0,0.01,0.0,0.0,0.0,0.0,0.0,0.0,0.0,0.0,0.0,0.0,4.0,0.0,0.0,0.0,0.0,0.0,0.0,0.0,0.0,0.0,0.0,0.0,0.0,0.0,0.0,0.0,0.0,0.0,0.0,0.0,0.0,0.0,0.0,0.0,0.0
60.0,0.017113,0.000179,0.000003,80985488.0,94756840.0,12288.0,3692.0,146.0,1347.0,0.0,3046.0,6377.0,167.0,210501632.0,94670848.0,23764640.0,67.0,337.0,181.0,0.0,0.0,0.0,0.01,0.0,0.0,0.0,0.0,0.0,0.0,0.0,0.0,0.0,0.0,4.0,0.0,0.0,0.0,0.0,0.0,0.0,0.0,0.0,0.0,0.0,0.0,0.0,0.0,0.0,0.0,0.0,0.0,0.0,0.0,0.0,0.0,0.0,0.0,0.0
60.0,0.017049,0.000495,0.000003,80982128.0,94756840.0,12288.0,3687.0,146.0,1347.0,0.0,3046.0,6377.0,167.0,210501632.0,94670848.0,23764640.0,67.0,337.0,181.0,0.0,0.0,0.0,0.01,0.0,0.0,0.0,0.0,0.0,0.0,0.0,0.0,0.0,0.0,4.0,0.0,0.0,0.0,0.0,0.0,0.0,0.0,0.0,0.0,0.0,0.0,0.0,0.0,0.0,0.0,0.0,0.0,0.0,0.0,0.0,0.0,0.0,0.0,0.0
60.0,0.019527,0.000054,0.000003,80982128.0,94756840.0,12288.0,3687.0,146.0,1347.0,0.0,3046.0,6377.0,167.0,210501632.0,94670848.0,23764640.0,67.0,337.0,181.0,0.0,0.0,0.0,0.01,0.0,0.0,0.0,0.0,0.0,0.0,0.0,0.0,0.0,0.0,4.0,0.0,0.0,0.0,0.0,0.0,0.0,0.0,0.0,0.0,0.0,0.0,0.0,0.0,0.0,0.0,0.0,0.0,0.0,0.0,0.0,0.0,0.0,0.0,0.0
59.0,0.019978,0.000116,0.000002,80982128.0,94756840.0,12288.0,3687.0,146.0,1347.0,0.0,3046.0,6377.0,167.0,210501632.0,94670848.0,23764640.0,67.0,337.0,181.0,0.0,0.0,0.0,0.01,0.0,0.0,0.0,0.0,0.0,0.0,0.0,0.0,0.0,0.0,4.0,0.0,0.0,0.0,0.0,0.0,0.0,0.0,0.0,0.0,0.0,0.0,0.0,0.0,0.0,0.0,0.0,0.0,0.0,0.0,0.0,0.0,0.0,0.0,0.0
60.0,0.01953,0.00007,0.000003,80982128.0,94756840.0,12288.0,3687.0,146.0,1347.0,0.0,3046.0,6377.0,167.0,210501632.0,94670848.0,23764640.0,67.0,337.0,181.0,0.0,0.0,0.0,0.01,0.0,0.0,0.0,0.0,0.0,0.0,0.0,0.0,0.0,0.0,4.0,0.0,0.0,0.0,0.0,0.0,0.0,0.0,0.0,0.0,0.0,0.0,0.0,0.0,0.0,0.0,0.0,0.0,0.0,0.0,0.0,0.0,0.0,0.0,0.0
60.0,0.019464,0.000049,0.000002,80982128.0,94756840.0,12288.0,3687.0,146.0,1347.0,0.0,3046.0,6377.0,167.0,210501632.0,94670848.0,23764640.0,67.0,337.0,181.0,0.0,0.0,0.0,0.01,0.0,0.0,0.0,0.0,0.0,0.0,0.0,0.0,0.0,0.0,4.0,0.0,0.0,0.0,0.0,0.0,0.0,0.0,0.0,0.0,0.0,0.0,0.0,0.0,0.0,0.0,0.0,0.0,0.0,0.0,0.0,0.0,0.0,0.0,0.0
60.0,0.019423,0.000053,0.000003,80982128.0,94756840.0,12288.0,3687.0,146.0,1347.0,0.0,3046.0,6377.0,167.0,210501632.0,94670848.0,23764640.0,67.0,337.0,181.0,0.0,0.0,0.0,0.01,0.0,0.0,0.0,0.0,0.0,0.0,0.0,0.0,0.0,0.0,4.0,0.0,0.0,0.0,0.0,0.0,0.0,0.0,0.0,0.0,0.0,0.0,0.0,0.0,0.0,0.0,0.0,0.0,0.0,0.0,0.0,0.0,0.0,0.0,0.0
61.0,0.019348,0.000062,0.000003,80982128.0,94756840.0,12288.0,3687.0,146.0,1347.0,0.0,3046.0,6377.0,167.0,210501632.0,94670848.0,23764640.0,67.0,337.0,181.0,0.0,0.0,0.0,0.01,0.0,0.0,0.0,0.0,0.0,0.0,0.0,0.0,0.0,0.0,4.0,0.0,0.0,0.0,0.0,0.0,0.0,0.0,0.0,0.0,0.0,0.0,0.0,0.0,0.0,0.0,0.0,0.0,0.0,0.0,0.0,0.0,0.0,0.0,0.0
60.0,0.01927,0.000048,0.000002,80982128.0,94756840.0,12288.0,3687.0,146.0,1347.0,0.0,3046.0,6377.0,167.0,210501632.0,94670848.0,23764640.0,67.0,337.0,181.0,0.0,0.0,0.0,0.01,0.0,0.0,0.0,0.0,0.0,0.0,0.0,0.0,0.0,0.0,4.0,0.0,0.0,0.0,0.0,0.0,0.0,0.0,0.0,0.0,0.0,0.0,0.0,0.0,0.0,0.0,0.0,0.0,0.0,0.0,0.0,0.0,0.0,0.0,0.0
60.0,0.019008,0.000078,0.000036,80982128.0,94756840.0,12288.0,3687.0,146.0,1347.0,0.0,3046.0,6377.0,167.0,210501632.0,94670848.0,23764640.0,67.0,337.0,181.0,0.0,0.0,0.0,0.01,0.0,0.0,0.0,0.0,0.0,0.0,0.0,0.0,0.0,0.0,4.0,0.0,0.0,0.0,0.0,0.0,0.0,0.0,0.0,0.0,0.0,0.0,0.0,0.0,0.0,0.0,0.0,0.0,0.0,0.0,0.0,0.0,0.0,0.0,0.0
59.0,0.01908,0.000052,0.000003,80982128.0,94756840.0,12288.0,3687.0,146.0,1347.0,0.0,3046.0,6377.0,167.0,210501632.0,94670848.0,23764640.0,67.0,337.0,181.0,0.0,0.0,0.0,0.01,0.0,0.0,0.0,0.0,0.0,0.0,0.0,0.0,0.0,0.0,4.0,0.0,0.0,0.0,0.0,0.0,0.0,0.0,0.0,0.0,0.0,0.0,0.0,0.0,0.0,0.0,0.0,0.0,0.0,0.0,0.0,0.0,0.0,0.0,0.0
60.0,0.019399,0.000058,0.000003,80982128.0,94756840.0,12288.0,3687.0,146.0,1347.0,0.0,3046.0,6377.0,167.0,210501632.0,94670848.0,23764640.0,67.0,337.0,181.0,0.0,0.0,0.0,0.01,0.0,0.0,0.0,0.0,0.0,0.0,0.0,0.0,0.0,0.0,4.0,0.0,0.0,0.0,0.0,0.0,0.0,0.0,0.0,0.0,0.0,0.0,0.0,0.0,0.0,0.0,0.0,0.0,0.0,0.0,0.0,0.0,0.0,0.0,0.0
60.0,0.019491,0.000046,0.000006,80982128.0,94756840.0,12288.0,3687.0,146.0,1347.0,0.0,3046.0,6377.0,167.0,210501632.0,94670848.0,23764640.0,67.0,337.0,181.0,0.0,0.0,0.0,0.01,0.0,0.0,0.0,0.0,0.0,0.0,0.0,0.0,0.0,0.0,4.0,0.0,0.0,0.0,0.0,0.0,0.0,0.0,0.0,0.0,0.0,0.0,0.0,0.0,0.0,0.0,0.0,0.0,0.0,0.0,0.0,0.0,0.0,0.0,0.0
60.0,0.019378,0.000051,0.000011,80982128.0,94756840.0,12288.0,3687.0,146.0,1347.0,0.0,3046.0,6377.0,167.0,210501632.0,94670848.0,23764640.0,67.0,337.0,181.0,0.0,0.0,0.0,0.01,0.0,0.0,0.0,0.0,0.0,0.0,0.0,0.0,0.0,0.0,4.0,0.0,0.0,0.0,0.0,0.0,0.0,0.0,0.0,0.0,0.0,0.0,0.0,0.0,0.0,0.0,0.0,0.0,0.0,0.0,0.0,0.0,0.0,0.0,0.0
61.0,0.01929,0.000046,0.000002,80982128.0,94756840.0,12288.0,3687.0,146.0,1347.0,0.0,3046.0,6377.0,167.0,210501632.0,94670848.0,23764640.0,67.0,337.0,181.0,0.0,0.0,0.0,0.01,0.0,0.0,0.0,0.0,0.0,0.0,0.0,0.0,0.0,0.0,4.0,0.0,0.0,0.0,0.0,0.0,0.0,0.0,0.0,0.0,0.0,0.0,0.0,0.0,0.0,0.0,0.0,0.0,0.0,0.0,0.0,0.0,0.0,0.0,0.0
59.0,0.019151,0.00006,0.000003,80982128.0,94756840.0,12288.0,3687.0,146.0,1347.0,0.0,3046.0,6377.0,167.0,210501632.0,94670848.0,23764640.0,67.0,337.0,181.0,0.0,0.0,0.0,0.01,0.0,0.0,0.0,0.0,0.0,0.0,0.0,0.0,0.0,0.0,4.0,0.0,0.0,0.0,0.0,0.0,0.0,0.0,0.0,0.0,0.0,0.0,0.0,0.0,0.0,0.0,0.0,0.0,0.0,0.0,0.0,0.0,0.0,0.0,0.0
60.0,0.019225,0.000078,0.000003,80982128.0,94756840.0,12288.0,3687.0,146.0,1347.0,0.0,3046.0,6377.0,167.0,210501632.0,94670848.0,23764640.0,67.0,337.0,181.0,0.0,0.0,0.0,0.01,0.0,0.0,0.0,0.0,0.0,0.0,0.0,0.0,0.0,0.0,4.0,0.0,0.0,0.0,0.0,0.0,0.0,0.0,0.0,0.0,0.0,0.0,0.0,0.0,0.0,0.0,0.0,0.0,0.0,0.0,0.0,0.0,0.0,0.0,0.0
60.0,0.019504,0.000056,0.000002,80982128.0,94756840.0,12288.0,3687.0,146.0,1347.0,0.0,3046.0,6377.0,167.0,210501632.0,94670848.0,23764640.0,67.0,337.0,181.0,0.0,0.0,0.0,0.01,0.0,0.0,0.0,0.0,0.0,0.0,0.0,0.0,0.0,0.0,4.0,0.0,0.0,0.0,0.0,0.0,0.0,0.0,0.0,0.0,0.0,0.0,0.0,0.0,0.0,0.0,0.0,0.0,0.0,0.0,0.0,0.0,0.0,0.0,0.0
60.0,0.019535,0.000052,0.000002,80982128.0,94756840.0,12288.0,3687.0,146.0,1347.0,0.0,3046.0,6377.0,167.0,210501632.0,94670848.0,23764640.0,67.0,337.0,181.0,0.0,0.0,0.0,0.01,0.0,0.0,0.0,0.0,0.0,0.0,0.0,0.0,0.0,0.0,4.0,0.0,0.0,0.0,0.0,0.0,0.0,0.0,0.0,0.0,0.0,0.0,0.0,0.0,0.0,0.0,0.0,0.0,0.0,0.0,0.0,0.0,0.0,0.0,0.0
60.0,0.019291,0.000096,0.000003,80982128.0,94756840.0,12288.0,3687.0,146.0,1347.0,0.0,3046.0,6377.0,167.0,210501632.0,94670848.0,23764640.0,67.0,337.0,181.0,0.0,0.0,0.0,0.01,0.0,0.0,0.0,0.0,0.0,0.0,0.0,0.0,0.0,0.0,4.0,0.0,0.0,0.0,0.0,0.0,0.0,0.0,0.0,0.0,0.0,0.0,0.0,0.0,0.0,0.0,0.0,0.0,0.0,0.0,0.0,0.0,0.0,0.0,0.0
60.0,0.019311,0.000057,0.000002,80982128.0,94756840.0,12288.0,3687.0,146.0,1347.0,0.0,3046.0,6377.0,167.0,210501632.0,94670848.0,23764640.0,67.0,337.0,181.0,0.0,0.0,0.0,0.01,0.0,0.0,0.0,0.0,0.0,0.0,0.0,0.0,0.0,0.0,4.0,0.0,0.0,0.0,0.0,0.0,0.0,0.0,0.0,0.0,0.0,0.0,0.0,0.0,0.0,0.0,0.0,0.0,0.0,0.0,0.0,0.0,0.0,0.0,0.0
61.0,0.019292,0.00006,0.000003,80982128.0,94756840.0,12288.0,3687.0,146.0,1347.0,0.0,3046.0,6377.0,167.0,210501632.0,94670848.0,23764640.0,67.0,337.0,181.0,0.0,0.0,0.0,0.01,0.0,0.0,0.0,0.0,0.0,0.0,0.0,0.0,0.0,0.0,4.0,0.0,0.0,0.0,0.0,0.0,0.0,0.0,0.0,0.0,0.0,0.0,0.0,0.0,0.0,0.0,0.0,0.0,0.0,0.0,0.0,0.0,0.0,0.0,0.0
59.0,0.019462,0.00007,0.000003,80982128.0,94756840.0,12288.0,3687.0,146.0,1347.0,0.0,3046.0,6377.0,167.0,210501632.0,94670848.0,23764640.0,67.0,337.0,181.0,0.0,0.0,0.0,0.01,0.0,0.0,0.0,0.0,0.0,0.0,0.0,0.0,0.0,0.0,4.0,0.0,0.0,0.0,0.0,0.0,0.0,0.0,0.0,0.0,0.0,0.0,0.0,0.0,0.0,0.0,0.0,0.0,0.0,0.0,0.0,0.0,0.0,0.0,0.0
60.0,0.019123,0.000083,0.000003,80982128.0,94756840.0,12288.0,3687.0,146.0,1347.0,0.0,3046.0,6377.0,167.0,210501632.0,94670848.0,23764640.0,67.0,337.0,181.0,0.0,0.0,0.0,0.01,0.0,0.0,0.0,0.0,0.0,0.0,0.0,0.0,0.0,0.0,4.0,0.0,0.0,0.0,0.0,0.0,0.0,0.0,0.0,0.0,0.0,0.0,0.0,0.0,0.0,0.0,0.0,0.0,0.0,0.0,0.0,0.0,0.0,0.0,0.0
60.0,0.018894,0.000055,0.000003,80982128.0,94756840.0,12288.0,3687.0,146.0,1347.0,0.0,3046.0,6377.0,167.0,210501632.0,94670848.0,23764640.0,67.0,337.0,181.0,0.0,0.0,0.0,0.01,0.0,0.0,0.0,0.0,0.0,0.0,0.0,0.0,0.0,0.0,4.0,0.0,0.0,0.0,0.0,0.0,0.0,0.0,0.0,0.0,0.0,0.0,0.0,0.0,0.0,0.0,0.0,0.0,0.0,0.0,0.0,0.0,0.0,0.0,0.0
60.0,0.018777,0.000053,0.000003,80982128.0,94756840.0,12288.0,3687.0,146.0,1347.0,0.0,3046.0,6377.0,167.0,210501632.0,94670848.0,23764640.0,67.0,337.0,181.0,0.0,0.0,0.0,0.01,0.0,0.0,0.0,0.0,0.0,0.0,0.0,0.0,0.0,0.0,4.0,0.0,0.0,0.0,0.0,0.0,0.0,0.0,0.0,0.0,0.0,0.0,0.0,0.0,0.0,0.0,0.0,0.0,0.0,0.0,0.0,0.0,0.0,0.0,0.0
60.0,0.018596,0.000088,0.000003,80982128.0,94756840.0,12288.0,3687.0,146.0,1347.0,0.0,3046.0,6377.0,167.0,210501632.0,94670848.0,23764640.0,67.0,337.0,181.0,0.0,0.0,0.0,0.01,0.0,0.0,0.0,0.0,0.0,0.0,0.0,0.0,0.0,0.0,4.0,0.0,0.0,0.0,0.0,0.0,0.0,0.0,0.0,0.0,0.0,0.0,0.0,0.0,0.0,0.0,0.0,0.0,0.0,0.0,0.0,0.0,0.0,0.0,0.0
60.0,0.018686,0.000042,0.000002,80982128.0,94756840.0,12288.0,3687.0,146.0,1347.0,0.0,3046.0,6377.0,167.0,210501632.0,94670848.0,23764640.0,67.0,337.0,181.0,0.0,0.0,0.0,0.01,0.0,0.0,0.0,0.0,0.0,0.0,0.0,0.0,0.0,0.0,4.0,0.0,0.0,0.0,0.0,0.0,0.0,0.0,0.0,0.0,0.0,0.0,0.0,0.0,0.0,0.0,0.0,0.0,0.0,0.0,0.0,0.0,0.0,0.0,0.0
60.0,0.01875,0.000068,0.000004,80982128.0,94756840.0,12288.0,3687.0,146.0,1347.0,0.0,3046.0,6377.0,167.0,210501632.0,94670848.0,23764640.0,67.0,337.0,181.0,0.0,0.0,0.0,0.01,0.0,0.0,0.0,0.0,0.0,0.0,0.0,0.0,0.0,0.0,4.0,0.0,0.0,0.0,0.0,0.0,0.0,0.0,0.0,0.0,0.0,0.0,0.0,0.0,0.0,0.0,0.0,0.0,0.0,0.0,0.0,0.0,0.0,0.0,0.0
60.0,0.018779,0.000051,0.000003,80982128.0,94756840.0,12288.0,3687.0,146.0,1347.0,0.0,3046.0,6377.0,167.0,210501632.0,94670848.0,23764640.0,67.0,337.0,181.0,0.0,0.0,0.0,0.01,0.0,0.0,0.0,0.0,0.0,0.0,0.0,0.0,0.0,0.0,4.0,0.0,0.0,0.0,0.0,0.0,0.0,0.0,0.0,0.0,0.0,0.0,0.0,0.0,0.0,0.0,0.0,0.0,0.0,0.0,0.0,0.0,0.0,0.0,0.0
60.0,0.01885,0.000059,0.000003,80982128.0,94756840.0,12288.0,3687.0,146.0,1347.0,0.0,3046.0,6377.0,167.0,210501632.0,94670848.0,23764640.0,67.0,337.0,181.0,0.0,0.0,0.0,0.01,0.0,0.0,0.0,0.0,0.0,0.0,0.0,0.0,0.0,0.0,4.0,0.0,0.0,0.0,0.0,0.0,0.0,0.0,0.0,0.0,0.0,0.0,0.0,0.0,0.0,0.0,0.0,0.0,0.0,0.0,0.0,0.0,0.0,0.0,0.0
61.0,0.019625,0.000083,0.000003,80982128.0,94756840.0,12288.0,3687.0,146.0,1347.0,0.0,3046.0,6377.0,167.0,210501632.0,94670848.0,23764640.0,67.0,337.0,181.0,0.0,0.0,0.0,0.01,0.0,0.0,0.0,0.0,0.0,0.0,0.0,0.0,0.0,0.0,4.0,0.0,0.0,0.0,0.0,0.0,0.0,0.0,0.0,0.0,0.0,0.0,0.0,0.0,0.0,0.0,0.0,0.0,0.0,0.0,0.0,0.0,0.0,0.0,0.0
59.0,0.019603,0.000079,0.000002,80982128.0,94756840.0,12288.0,3687.0,146.0,1347.0,0.0,3046.0,6377.0,167.0,210501632.0,94670848.0,23764640.0,67.0,337.0,181.0,0.0,0.0,0.0,0.01,0.0,0.0,0.0,0.0,0.0,0.0,0.0,0.0,0.0,0.0,4.0,0.0,0.0,0.0,0.0,0.0,0.0,0.0,0.0,0.0,0.0,0.0,0.0,0.0,0.0,0.0,0.0,0.0,0.0,0.0,0.0,0.0,0.0,0.0,0.0
61.0,0.019464,0.000044,0.000002,80982128.0,94756840.0,12288.0,3687.0,146.0,1347.0,0.0,3046.0,6377.0,167.0,210501632.0,94670848.0,23764640.0,67.0,337.0,181.0,0.0,0.0,0.0,0.01,0.0,0.0,0.0,0.0,0.0,0.0,0.0,0.0,0.0,0.0,4.0,0.0,0.0,0.0,0.0,0.0,0.0,0.0,0.0,0.0,0.0,0.0,0.0,0.0,0.0,0.0,0.0,0.0,0.0,0.0,0.0,0.0,0.0,0.0,0.0
60.0,0.019082,0.000072,0.000004,80982128.0,94756840.0,12288.0,3687.0,146.0,1347.0,0.0,3046.0,6377.0,167.0,210501632.0,94670848.0,23764640.0,67.0,337.0,181.0,0.0,0.0,0.0,0.01,0.0,0.0,0.0,0.0,0.0,0.0,0.0,0.0,0.0,0.0,4.0,0.0,0.0,0.0,0.0,0.0,0.0,0.0,0.0,0.0,0.0,0.0,0.0,0.0,0.0,0.0,0.0,0.0,0.0,0.0,0.0,0.0,0.0,0.0,0.0


